datasets/train/JPEGImages/train_158.jpg 333,382,400,466,1 
datasets/train/JPEGImages/train_16.jpg 705,248,812,372,0 1157,209,1255,316,0 1394,212,1498,328,0 1660,242,1777,380,0 1810,305,1959,466,0 427,212,593,400,0 205,316,294,506,0 
datasets/train/JPEGImages/train_56.jpg 1113,222,1349,497,0 1648,164,1909,450,0 388,184,649,462,0 
datasets/train/JPEGImages/train_399.png 586,357,922,712,0 
datasets/train/JPEGImages/train_325.jpg 134,100,228,207,1 
datasets/train/JPEGImages/train_319.jpg 239,226,578,648,1 
datasets/train/JPEGImages/train_731.jpg 203,253,468,538,1 
datasets/train/JPEGImages/train_324.jpg 468,161,503,200,1 
datasets/train/JPEGImages/train_115.jpg 162,262,596,710,1 
datasets/train/JPEGImages/train_259.jpg 335,138,400,247,0 36,173,117,263,0 138,117,205,202,0 367,240,431,325,0 423,166,482,242,0 566,119,664,207,0 225,152,263,219,0 605,219,708,343,1 743,201,815,291,1 948,158,1000,227,1 989,148,1023,234,1 
datasets/train/JPEGImages/train_755.jpg 380,630,627,850,1 
datasets/train/JPEGImages/train_460.jpg 393,175,515,292,0 
datasets/train/JPEGImages/train_725.jpg 203,492,307,597,1 
datasets/train/JPEGImages/train_68.jpg 1093,427,1166,502,0 1352,450,1435,542,0 1644,505,1721,597,0 927,511,1048,652,0 905,419,985,491,0 840,400,882,448,0 794,411,829,447,0 732,412,793,477,0 609,391,657,437,0 532,408,582,445,0 440,412,490,455,0 350,414,392,459,0 273,462,360,553,0 505,442,599,544,0 629,455,738,586,0 1869,552,2016,719,0 246,411,279,459,0 
datasets/train/JPEGImages/train_321.jpg 148,96,232,201,1 
datasets/train/JPEGImages/train_237.jpg 407,183,662,392,1 
datasets/train/JPEGImages/train_635.jpg 119,75,185,150,1 
datasets/train/JPEGImages/train_814.jpg 1615,382,1870,628,0 1243,489,1354,654,0 636,313,838,545,0 
datasets/train/JPEGImages/train_587.jpg 254,111,361,226,1 
datasets/train/JPEGImages/train_226.jpg 389,225,859,631,1 
datasets/train/JPEGImages/train_25.jpg 1201,377,1253,433,0 
datasets/train/JPEGImages/train_287.jpg 221,112,365,262,1 
datasets/train/JPEGImages/train_233.jpg 370,166,678,497,1 
datasets/train/JPEGImages/train_519.jpg 194,120,213,148,1 
datasets/train/JPEGImages/train_831.jpg 1100,336,1389,561,0 534,554,599,616,0 299,588,394,683,0 880,539,924,597,0 
datasets/train/JPEGImages/train_190.jpg 370,291,501,465,1 
datasets/train/JPEGImages/train_140.jpg 174,145,330,272,0 
datasets/train/JPEGImages/train_214.jpg 220,209,863,805,1 
datasets/train/JPEGImages/train_867.jpg 1099,320,1210,427,0 774,237,890,342,0 
datasets/train/JPEGImages/train_391.jpg 336,568,475,684,1 
datasets/train/JPEGImages/train_493.jpg 222,146,266,196,1 394,94,458,163,1 530,161,614,247,1 
datasets/train/JPEGImages/train_169.jpg 284,188,460,392,1 
datasets/train/JPEGImages/train_908.jpg 193,223,234,271,1 261,149,280,170,1 384,144,405,167,1 421,151,441,179,1 505,161,533,187,1 554,167,586,196,1 686,167,718,202,1 751,180,780,217,1 793,160,813,187,1 907,135,925,167,1 841,128,865,153,1 814,98,830,116,1 760,111,784,130,1 738,143,766,170,1 683,130,704,160,1 718,118,743,138,1 674,114,698,128,1 631,107,648,130,1 617,137,642,165,1 581,128,605,149,1 544,111,560,134,1 587,93,595,110,1 870,101,886,121,1 864,74,876,89,1 902,75,913,88,1 924,102,939,129,1 826,68,837,84,1 793,62,807,85,1 748,79,764,98,1 711,78,725,96,1 671,84,688,104,1 489,117,511,136,1 507,104,529,121,1 469,82,488,105,1 331,135,351,157,1 294,138,321,165,1 348,110,367,131,1 323,113,346,133,1 427,101,448,124,1 629,75,647,99,1 
datasets/train/JPEGImages/train_624.jpg 126,72,186,135,1 
datasets/train/JPEGImages/train_679.jpg 401,104,498,189,1 
datasets/train/JPEGImages/train_607.jpg 82,205,154,280,1 233,215,294,279,1 375,191,436,265,1 510,219,577,287,1 
datasets/train/JPEGImages/train_818.jpg 573,460,641,536,0 1096,495,1147,546,0 
datasets/train/JPEGImages/train_149.jpg 266,87,361,180,1 
datasets/train/JPEGImages/train_956.jpg 1398,647,1551,861,1 
datasets/train/JPEGImages/train_213.jpg 601,95,883,404,1 
datasets/train/JPEGImages/train_888.jpg 469,133,501,163,1 603,153,626,179,1 655,174,682,203,1 745,178,763,203,1 610,122,632,143,1 619,103,637,123,1 540,110,562,135,1 549,87,570,109,1 614,85,629,102,1 486,68,496,82,1 510,87,522,102,1 435,80,453,98,1 
datasets/train/JPEGImages/train_373.png 1147,271,1470,645,1 
datasets/train/JPEGImages/train_165.jpg 333,177,537,353,1 
datasets/train/JPEGImages/train_443.png 841,154,1195,490,1 
datasets/train/JPEGImages/train_566.jpg 169,184,196,215,1 230,187,253,215,1 
datasets/train/JPEGImages/train_402.png 960,220,1270,597,1 
datasets/train/JPEGImages/train_835.jpg 1745,312,1911,440,0 1038,285,1184,441,0 548,329,726,512,0 1217,415,1281,482,0 990,407,1039,449,0 
datasets/train/JPEGImages/train_269.jpg 114,186,196,242,0 383,155,455,214,0 232,242,265,278,0 519,201,560,245,0 650,178,709,250,0 817,193,881,270,0 1117,198,1163,273,0 1350,186,1411,255,0 924,294,940,313,0 1572,314,1591,333,0 1550,319,1573,343,0 
datasets/train/JPEGImages/train_261.jpg 145,767,502,1232,0 461,769,609,970,0 988,790,1114,969,0 1272,963,1588,1338,0 2487,821,2561,915,0 1532,12,1603,152,1 2028,1069,2454,1561,0 1625,845,1742,978,0 1769,0,1853,110,1 
datasets/train/JPEGImages/train_426.png 840,279,1041,485,1 
datasets/train/JPEGImages/train_946.jpg 225,82,470,360,1 518,214,636,336,1 
datasets/train/JPEGImages/train_467.jpg 384,163,522,290,0 
datasets/train/JPEGImages/train_244.jpg 724,369,827,495,1 
datasets/train/JPEGImages/train_62.jpg 1171,436,1254,525,0 1343,469,1416,553,0 1571,497,1643,569,0 1705,470,1777,533,0 
datasets/train/JPEGImages/train_47.jpg 1382,108,1613,456,0 1729,328,1848,494,0 1893,350,1980,467,0 1988,227,2130,489,0 
datasets/train/JPEGImages/train_238.jpg 474,157,674,347,1 
datasets/train/JPEGImages/train_18.jpg 1385,270,1554,456,0 1302,341,1385,434,0 948,294,1082,461,0 1085,322,1182,469,0 
datasets/train/JPEGImages/train_320.jpg 173,112,294,241,1 
datasets/train/JPEGImages/train_204.jpg 341,129,496,248,1 
datasets/train/JPEGImages/train_813.jpg 1126,229,1267,377,0 748,282,850,398,0 590,293,741,452,0 
datasets/train/JPEGImages/train_693.jpg 69,113,209,272,1 
datasets/train/JPEGImages/train_920.jpg 685,267,721,324,1 578,322,624,375,1 563,293,593,324,1 725,235,741,255,1 655,248,690,294,1 612,250,633,273,1 497,277,527,314,1 434,320,479,366,1 433,249,462,285,1 473,238,497,265,1 511,230,533,256,1 364,276,400,316,1 259,260,294,310,1 162,264,185,285,1 227,249,250,279,1 269,241,286,260,1 242,231,259,250,1 278,224,294,245,1 310,229,326,248,1 17,246,35,282,1 567,248,587,271,1 451,231,467,249,1 408,238,431,266,1 352,249,378,276,1 309,270,336,299,1 193,284,229,324,1 
datasets/train/JPEGImages/train_36.jpg 274,348,388,453,0 569,373,666,473,0 726,383,832,483,0 960,402,1057,502,0 1087,418,1178,518,0 1432,370,1546,477,0 1585,320,1685,445,0 1699,369,1821,495,0 1816,281,1948,433,0 
datasets/train/JPEGImages/train_58.jpg 1293,450,1402,581,0 1304,314,1394,423,0 1418,228,1490,327,0 1480,291,1546,373,0 1513,139,1566,200,0 1418,172,1495,234,0 1554,52,1605,102,0 
datasets/train/JPEGImages/train_568.jpg 101,167,136,208,1 105,125,138,159,1 350,114,377,149,1 417,137,446,169,1 488,117,517,150,1 
datasets/train/JPEGImages/train_218.jpg 274,76,668,544,1 
datasets/train/JPEGImages/train_380.png 1118,254,1443,634,1 
datasets/train/JPEGImages/train_445.png 789,290,997,512,1 
datasets/train/JPEGImages/train_150.jpg 177,333,374,500,1 
datasets/train/JPEGImages/train_146.jpg 246,276,355,403,1 
datasets/train/JPEGImages/train_670.jpg 415,100,533,207,1 
datasets/train/JPEGImages/train_223.jpg 467,126,857,563,1 
datasets/train/JPEGImages/train_641.jpg 117,60,192,143,1 
datasets/train/JPEGImages/train_121.jpg 33,85,116,153,1 
datasets/train/JPEGImages/train_221.jpg 536,375,738,578,1 
datasets/train/JPEGImages/train_327.jpg 119,188,186,261,1 
datasets/train/JPEGImages/train_1.jpg 493,244,607,395,0 352,622,448,717,0 593,634,694,716,0 1152,147,1238,231,0 1324,195,1430,344,0 1488,142,1576,234,0 1313,656,1412,814,0 1526,603,1602,692,0 1712,647,1799,792,0 1802,587,1859,661,0 1976,580,2030,658,0 2054,625,2132,787,0 
datasets/train/JPEGImages/train_796.jpg 1309,482,1380,543,0 1153,491,1212,539,0 
datasets/train/JPEGImages/train_541.jpg 36,220,147,319,1 
datasets/train/JPEGImages/train_808.jpg 1022,406,1075,469,0 1620,446,1674,496,0 1353,422,1406,483,0 
datasets/train/JPEGImages/train_678.jpg 243,240,465,474,1 490,337,603,464,1 
datasets/train/JPEGImages/train_636.jpg 108,100,176,147,1 
datasets/train/JPEGImages/train_571.jpg 179,100,241,175,1 362,93,434,172,1 
datasets/train/JPEGImages/train_495.jpg 167,97,250,178,1 394,100,465,178,1 
datasets/train/JPEGImages/train_11.jpg 207,495,314,583,1 323,496,436,582,1 
datasets/train/JPEGImages/train_363.png 545,251,1148,849,0 
datasets/train/JPEGImages/train_721.jpg 126,258,486,600,1 
datasets/train/JPEGImages/train_337.png 863,323,1133,605,1 
datasets/train/JPEGImages/train_385.png 669,345,799,461,1 1043,271,1170,398,1 
datasets/train/JPEGImages/train_258.jpg 237,198,276,241,1 
datasets/train/JPEGImages/train_51.jpg 1026,248,1162,405,0 1396,330,1493,439,0 365,467,430,525,1 
datasets/train/JPEGImages/train_794.jpg 725,267,1138,627,0 
datasets/train/JPEGImages/train_410.png 1082,312,1423,653,1 
datasets/train/JPEGImages/train_517.jpg 173,134,244,191,1 354,174,422,230,1 
datasets/train/JPEGImages/train_271.jpg 157,135,190,185,1 72,68,165,177,0 
datasets/train/JPEGImages/train_577.jpg 81,145,122,191,1 270,181,310,224,1 480,165,525,215,1 
datasets/train/JPEGImages/train_184.jpg 361,214,467,318,1 
datasets/train/JPEGImages/train_215.jpg 314,217,577,492,1 
datasets/train/JPEGImages/train_878.jpg 209,276,256,334,1 921,120,939,140,1 786,76,800,92,1 752,69,766,88,1 433,116,450,138,1 476,130,505,153,1 
datasets/train/JPEGImages/train_422.png 806,137,1188,576,1 
datasets/train/JPEGImages/train_450.png 845,173,1200,499,1 
datasets/train/JPEGImages/train_6.jpg 505,395,737,650,0 1212,331,1323,461,0 1015,303,1104,394,0 1519,337,1612,452,0 1852,319,1969,436,0 
datasets/train/JPEGImages/train_644.jpg 775,405,1464,1387,1 
datasets/train/JPEGImages/train_996.jpg 896,70,1276,552,0 
datasets/train/JPEGImages/train_879.jpg 177,158,219,206,1 464,82,477,97,1 452,134,469,155,1 557,144,575,166,1 689,162,712,195,1 607,116,625,141,1 641,103,659,130,1 624,92,637,112,1 596,91,609,105,1 564,88,577,105,1 525,87,540,106,1 558,107,580,132,1 
datasets/train/JPEGImages/train_748.jpg 607,516,777,690,1 
datasets/train/JPEGImages/train_529.jpg 226,58,277,101,1 
datasets/train/JPEGImages/train_724.jpg 137,278,314,472,0 
datasets/train/JPEGImages/train_686.jpg 225,463,352,607,1 
datasets/train/JPEGImages/train_4.jpg 743,352,821,433,0 1156,573,1267,712,0 1585,191,1840,492,0 
datasets/train/JPEGImages/train_853.jpg 1803,180,1891,277,0 1313,192,1426,277,0 1223,249,1320,354,0 1150,381,1279,501,0 617,313,823,487,0 428,522,594,676,0 
datasets/train/JPEGImages/train_657.jpg 128,115,296,302,1 
datasets/train/JPEGImages/train_143.jpg 138,77,207,141,1 
datasets/train/JPEGImages/train_349.jpg 258,86,364,213,1 
datasets/train/JPEGImages/train_817.jpg 1551,319,1627,403,0 1149,331,1207,392,0 
datasets/train/JPEGImages/train_210.jpg 327,364,625,766,1 
datasets/train/JPEGImages/train_899.jpg 168,160,198,202,1 576,158,596,182,1 510,158,529,177,1 465,141,486,164,1 569,121,586,140,1 522,99,540,123,1 478,118,499,136,1 659,138,681,157,1 605,108,622,128,1 571,94,590,116,1 563,79,579,96,1 597,84,616,99,1 642,90,655,105,1 629,77,647,93,1 611,60,625,78,1 641,61,653,74,1 627,53,641,72,1 651,44,662,56,1 659,56,671,71,1 688,79,702,96,1 725,86,738,102,1 747,101,760,121,1 754,88,768,105,1 794,84,808,105,1 798,68,808,84,1 777,60,788,73,1 747,61,761,76,1 732,70,751,87,1 709,62,726,75,1 426,96,438,109,1 446,97,459,110,1 391,102,406,117,1 363,105,375,117,1 530,68,544,78,1 471,80,486,88,1 491,81,507,95,1 362,83,378,97,1 364,135,381,150,1 266,126,279,142,0 283,127,297,144,1 241,118,253,130,1 294,110,306,119,1 317,99,328,110,1 787,132,802,156,1 
datasets/train/JPEGImages/train_975.jpg 1077,153,1324,517,0 1602,112,1762,323,0 952,105,1074,334,0 238,117,409,353,0 
datasets/train/JPEGImages/train_856.jpg 1651,146,1787,280,0 1190,229,1336,368,0 584,68,721,211,0 
datasets/train/JPEGImages/train_441.png 623,311,812,526,1 
datasets/train/JPEGImages/train_656.jpg 136,102,291,274,1 
datasets/train/JPEGImages/train_459.jpg 183,181,259,255,0 381,172,445,227,0 557,170,609,221,0 677,163,727,211,0 
datasets/train/JPEGImages/train_983.jpg 652,142,908,478,0 1614,154,1817,482,0 1991,87,2130,286,0 1244,89,1399,306,0 
datasets/train/JPEGImages/train_633.jpg 113,81,189,171,1 
datasets/train/JPEGImages/train_160.jpg 277,363,738,765,1 
datasets/train/JPEGImages/train_174.jpg 207,106,261,161,1 
datasets/train/JPEGImages/train_216.jpg 389,350,839,855,1 
datasets/train/JPEGImages/train_28.jpg 566,278,882,587,0 
datasets/train/JPEGImages/train_992.jpg 765,195,957,462,0 1330,208,1649,564,0 630,133,774,362,0 
datasets/train/JPEGImages/train_454.jpg 230,278,274,331,1 
datasets/train/JPEGImages/train_904.jpg 199,246,233,304,1 279,259,315,305,1 325,199,358,243,1 442,227,485,284,1 419,160,449,189,1 378,161,404,187,1 502,132,527,156,1 717,198,752,243,1 
datasets/train/JPEGImages/train_382.png 693,324,810,456,1 1019,285,1158,428,1 
datasets/train/JPEGImages/train_355.jpg 163,94,232,175,1 234,111,300,176,1 
datasets/train/JPEGImages/train_91.jpg 1184,95,1568,592,0 
datasets/train/JPEGImages/train_124.jpg 153,67,257,183,0 
datasets/train/JPEGImages/train_957.jpg 78,174,132,240,1 256,134,305,206,1 165,241,229,322,1 293,252,366,326,1 423,196,500,272,1 352,186,402,240,1 495,141,531,203,1 506,50,540,102,1 467,4,506,60,1 299,68,338,121,1 367,17,398,56,1 216,60,252,111,1 254,35,282,80,1 159,84,205,151,1 79,62,120,122,1 123,46,156,91,1 8,60,54,127,1 53,41,84,91,1 91,8,121,58,1 139,12,175,49,1 0,37,19,81,1 267,2,293,36,1 
datasets/train/JPEGImages/train_390.jpg 513,460,593,546,1 
datasets/train/JPEGImages/train_771.jpg 2083,363,2128,420,0 1939,363,1989,412,0 1770,391,1825,435,0 1611,378,1656,430,0 1559,375,1592,416,0 1465,394,1505,435,0 1413,381,1444,417,0 1335,370,1378,419,0 1287,397,1319,430,0 1147,386,1189,428,0 965,405,1003,449,0 1017,372,1056,408,0 338,421,384,458,0 453,420,496,459,0 519,423,548,457,0 553,421,593,466,0 664,412,710,454,0 602,392,642,426,0 426,415,453,451,0 776,400,811,432,0 817,410,862,452,0 893,393,926,426,0 932,390,963,423,0 865,380,891,403,0 1501,366,1531,403,0 1659,396,1699,429,0 
datasets/train/JPEGImages/train_79.jpg 1154,78,1507,572,0 
datasets/train/JPEGImages/train_8.jpg 1021,239,1116,356,0 749,275,869,403,0 365,253,554,450,0 
datasets/train/JPEGImages/train_130.jpg 270,180,361,276,1 421,185,488,261,1 
datasets/train/JPEGImages/train_937.jpg 73,369,207,512,1 375,385,471,491,1 543,146,644,278,1 666,331,749,449,1 849,415,982,540,1 1035,405,1155,557,1 
datasets/train/JPEGImages/train_726.jpg 285,204,357,288,1 
datasets/train/JPEGImages/train_792.jpg 639,482,879,678,0 993,472,1197,648,0 961,52,1094,169,0 1338,393,1548,612,0 
datasets/train/JPEGImages/train_27.jpg 880,464,968,537,0 1007,470,1074,541,0 1335,480,1407,561,0 1443,477,1523,542,0 
datasets/train/JPEGImages/train_167.jpg 231,287,543,603,1 
datasets/train/JPEGImages/train_690.jpg 349,383,437,477,1 
datasets/train/JPEGImages/train_930.jpg 2519,1388,2796,1674,1 1335,1325,1574,1565,1 736,1123,1055,1350,1 612,774,793,931,1 1022,817,1172,957,1 1285,764,1391,879,1 2672,768,2812,967,1 2178,773,2266,865,1 175,863,296,997,1 377,773,467,876,1 36,742,136,843,1 1966,888,2044,967,1 1459,832,1522,921,1 2405,917,2491,1034,1 2047,890,2099,982,1 
datasets/train/JPEGImages/train_626.jpg 131,101,173,145,1 
datasets/train/JPEGImages/train_542.jpg 352,92,434,175,1 271,308,325,381,1 
datasets/train/JPEGImages/train_830.jpg 1887,491,1982,598,0 1237,514,1288,561,0 828,499,868,547,0 1139,473,1164,511,0 
datasets/train/JPEGImages/train_360.jpg 123,188,341,415,0 
datasets/train/JPEGImages/train_770.jpg 1043,305,1354,587,0 1978,382,2049,460,0 1830,386,1889,442,0 1749,362,1828,441,0 1595,386,1641,432,0 636,420,694,495,0 690,385,726,421,0 441,431,495,481,0 536,393,566,432,0 393,403,440,457,0 292,380,347,426,0 479,375,507,401,0 
datasets/train/JPEGImages/train_592.jpg 308,163,362,230,1 
datasets/train/JPEGImages/train_673.jpg 401,97,526,227,1 
datasets/train/JPEGImages/train_803.jpg 1373,380,1712,641,0 1043,239,1275,443,0 586,187,706,306,0 707,241,838,371,0 928,49,1058,166,0 1130,0,1284,85,0 831,0,920,88,0 
datasets/train/JPEGImages/train_75.jpg 812,306,977,500,0 1279,258,1399,392,0 582,380,855,680,0 288,405,462,600,0 813,103,929,206,0 1215,145,1298,228,0 1417,125,1517,251,0 
datasets/train/JPEGImages/train_895.jpg 118,188,151,234,1 163,177,196,212,1 563,151,588,178,1 602,135,622,160,1 679,133,694,159,1 641,115,665,136,1 745,143,764,171,1 796,148,814,178,1 844,174,864,202,1 913,194,928,228,1 862,156,886,183,1 492,109,509,132,1 442,113,456,131,1 416,137,433,165,1 360,137,386,159,1 745,104,767,124,1 694,85,714,98,1 706,104,720,121,1 576,60,587,74,1 523,82,538,94,1 530,102,546,121,1 505,99,522,120,1 474,95,491,113,1 458,69,476,87,1 434,92,450,105,1 411,80,429,96,1 387,103,411,120,1 611,87,627,102,1 614,71,629,87,1 675,60,686,71,1 849,82,860,94,1 841,125,856,143,1 
datasets/train/JPEGImages/train_688.jpg 252,74,502,380,1 
datasets/train/JPEGImages/train_356.jpg 233,210,307,311,1 409,238,510,352,1 
datasets/train/JPEGImages/train_990.jpg 638,383,718,475,0 201,381,298,494,0 430,364,576,523,0 804,403,916,541,0 955,342,1021,419,0 1035,386,1143,520,0 1221,373,1319,494,0 1352,380,1434,472,0 1604,350,1696,456,0 1919,353,2012,445,0 
datasets/train/JPEGImages/train_924.jpg 288,52,308,75,1 211,60,225,79,1 
datasets/train/JPEGImages/train_334.jpg 197,132,257,183,1 
datasets/train/JPEGImages/train_586.jpg 282,158,352,242,1 
datasets/train/JPEGImages/train_303.jpg 421,112,505,200,1 
datasets/train/JPEGImages/train_863.jpg 1108,267,1282,448,0 1834,567,1996,710,0 475,211,599,378,0 1004,242,1095,371,0 
datasets/train/JPEGImages/train_500.jpg 119,129,165,167,1 243,124,278,158,1 357,136,387,169,1 484,99,523,135,1 
datasets/train/JPEGImages/train_418.png 959,232,1289,625,1 
datasets/train/JPEGImages/train_898.jpg 938,253,971,282,1 958,202,993,232,1 797,248,840,276,1 881,179,906,217,1 876,144,909,176,1 928,149,957,174,1 1003,149,1023,183,1 1042,187,1076,225,1 897,120,920,143,1 841,101,873,122,1 806,140,833,169,1 795,180,827,211,1 739,165,764,194,1 708,156,734,182,1 609,196,632,223,1 684,210,714,244,1 1130,175,1157,206,1 1101,132,1120,150,1 1059,96,1082,119,1 1000,89,1017,107,1 496,194,525,223,1 598,147,618,167,1 425,150,445,172,1 411,149,431,166,1 375,174,397,197,1 423,188,449,208,1 480,132,507,156,1 515,158,536,174,1 572,110,590,128,1 638,124,657,154,1 667,111,682,133,1 706,111,718,128,1 801,119,818,140,1 
datasets/train/JPEGImages/train_502.jpg 171,148,203,178,1 240,138,272,168,1 322,127,356,161,1 402,135,431,160,1 456,136,479,158,1 
datasets/train/JPEGImages/train_643.jpg 1238,810,1566,1119,1 
datasets/train/JPEGImages/train_976.jpg 1023,130,1310,511,0 907,9,1046,272,0 1796,86,2012,269,0 
datasets/train/JPEGImages/train_677.jpg 308,225,426,336,1 477,232,586,380,1 
datasets/train/JPEGImages/train_530.jpg 123,154,146,179,1 
datasets/train/JPEGImages/train_987.jpg 1184,198,1307,333,0 560,186,798,486,0 1513,217,1734,509,0 1729,170,1868,342,0 
datasets/train/JPEGImages/train_291.jpg 198,131,322,267,1 
datasets/train/JPEGImages/train_913.jpg 83,235,214,406,1 286,364,379,489,1 393,455,459,537,1 466,487,508,548,1 531,493,583,562,1 
datasets/train/JPEGImages/train_776.jpg 1768,425,2091,752,1 1398,371,1519,540,1 441,483,521,592,1 501,351,613,457,1 743,320,915,450,0 1116,450,1230,590,0 
datasets/train/JPEGImages/train_463.jpg 379,161,523,292,0 
datasets/train/JPEGImages/train_829.jpg 1133,471,1178,510,0 1740,390,1765,416,0 1542,424,1562,447,0 
datasets/train/JPEGImages/train_537.jpg 66,160,117,240,1 98,44,157,125,1 283,64,346,148,1 396,98,451,164,1 
datasets/train/JPEGImages/train_702.jpg 212,104,248,159,0 
datasets/train/JPEGImages/train_809.jpg 1698,352,1754,403,0 1975,339,2040,392,0 809,372,842,407,0 464,362,516,407,0 
datasets/train/JPEGImages/train_989.jpg 1323,320,1430,456,0 1748,311,1891,486,0 1057,337,1152,461,0 807,330,904,458,0 652,295,743,417,0 509,294,601,402,0 360,291,438,391,0 1018,305,1065,370,0 1121,283,1182,369,0 1513,313,1589,399,0 
datasets/train/JPEGImages/train_401.png 1071,298,1395,656,1 
datasets/train/JPEGImages/train_515.jpg 109,93,203,180,1 269,120,353,201,1 425,104,521,185,1 
datasets/train/JPEGImages/train_498.jpg 287,127,343,191,1 
datasets/train/JPEGImages/train_811.jpg 293,194,417,335,0 
datasets/train/JPEGImages/train_290.jpg 328,267,434,379,1 
datasets/train/JPEGImages/train_876.jpg 534,164,548,184,1 580,175,598,193,1 483,91,504,116,1 
datasets/train/JPEGImages/train_310.jpg 223,119,293,205,0 
datasets/train/JPEGImages/train_720.jpg 206,183,604,720,1 
datasets/train/JPEGImages/train_734.jpg 221,253,488,566,1 
datasets/train/JPEGImages/train_627.jpg 134,68,169,107,1 
datasets/train/JPEGImages/train_966.jpg 118,71,173,126,1 
datasets/train/JPEGImages/train_479.jpg 128,149,153,179,1 
datasets/train/JPEGImages/train_396.png 686,322,807,446,1 1037,291,1177,442,1 
datasets/train/JPEGImages/train_902.jpg 187,179,215,221,1 884,173,904,204,1 837,161,860,188,1 784,157,808,179,1 756,141,773,165,1 712,154,733,178,1 656,147,678,168,1 622,138,644,165,1 616,113,639,136,1 656,113,684,135,1 739,93,748,113,1 744,120,759,136,1 780,111,797,130,1 848,132,867,159,1 828,123,847,145,1 832,101,849,119,1 905,149,924,178,1 940,138,952,160,1 891,111,899,125,1 790,80,803,93,1 819,91,829,105,1 852,105,864,120,1 864,95,876,109,1 692,101,708,124,1 564,147,585,177,1 401,147,417,167,1 433,118,446,136,1 464,99,480,117,1 413,116,428,136,1 363,107,375,125,1 312,133,328,149,1 264,121,282,140,1 368,96,387,110,1 393,93,405,108,1 349,107,361,122,1 332,109,343,120,1 477,80,487,91,1 502,77,519,94,1 529,73,539,90,1 419,82,429,96,1 459,74,468,87,1 524,111,533,128,1 
datasets/train/JPEGImages/train_336.png 982,142,1411,623,1 
datasets/train/JPEGImages/train_164.jpg 301,141,576,355,1 
datasets/train/JPEGImages/train_457.jpg 234,317,263,350,1 
datasets/train/JPEGImages/train_503.jpg 241,100,303,154,1 379,139,434,191,1 
datasets/train/JPEGImages/train_906.jpg 495,190,522,223,1 429,144,443,164,1 378,156,384,170,1 599,136,625,158,1 700,107,718,128,1 1000,277,1033,314,1 1091,89,1104,108,1 1120,85,1137,107,1 
datasets/train/JPEGImages/train_95.jpg 1099,230,1271,402,0 759,248,890,386,0 290,194,519,423,0 1588,219,1883,468,0 1527,220,1615,405,0 
datasets/train/JPEGImages/train_486.jpg 180,30,238,89,1 
datasets/train/JPEGImages/train_539.jpg 63,210,94,246,1 146,178,182,216,1 231,191,266,229,1 328,179,363,216,1 418,225,448,260,1 479,172,512,209,1 548,207,579,241,1 
datasets/train/JPEGImages/train_235.jpg 389,235,515,346,1 
datasets/train/JPEGImages/train_34.jpg 548,486,701,641,0 261,651,414,805,0 944,548,1056,697,0 1049,539,1157,670,0 1226,506,1335,652,0 1326,532,1405,657,0 1513,542,1630,675,0 1618,545,1714,652,0 1927,495,2040,645,0 2043,544,2129,648,0 
datasets/train/JPEGImages/train_676.jpg 170,167,204,208,0 386,89,443,147,1 
datasets/train/JPEGImages/train_732.jpg 168,300,492,579,1 
datasets/train/JPEGImages/train_482.jpg 148,88,193,136,1 
datasets/train/JPEGImages/train_39.jpg 1869,317,1949,409,0 1743,275,1837,372,0 557,416,634,502,0 
datasets/train/JPEGImages/train_838.jpg 1719,302,1883,448,0 1063,357,1176,476,0 570,263,757,449,0 
datasets/train/JPEGImages/train_275.jpg 51,35,222,229,0 
datasets/train/JPEGImages/train_672.jpg 218,113,312,212,1 
datasets/train/JPEGImages/train_851.jpg 2054,321,2089,361,0 2014,313,2053,353,0 1906,457,1948,506,0 1789,278,1832,324,0 1710,293,1752,335,0 1642,282,1690,328,0 1832,459,1872,509,0 1768,471,1808,514,0 1716,488,1767,535,0 1665,485,1712,538,0 1608,496,1660,546,0 1544,327,1590,376,0 1536,508,1595,563,0 1488,298,1520,347,0 1440,326,1487,371,0 1449,483,1515,545,0 1383,528,1442,597,0 1343,291,1392,344,0 1293,547,1357,612,0 1270,313,1314,368,0 1180,524,1258,593,0 1198,296,1237,347,0 1145,289,1202,346,0 1084,261,1146,328,0 1088,587,1168,657,0 1012,341,1078,401,0 930,538,1009,615,0 927,329,977,388,0 822,319,890,378,0 777,586,863,663,0 694,329,766,407,0 638,636,731,715,0 573,352,650,422,0 452,645,565,744,0 441,302,535,374,0 317,302,394,373,0 240,691,357,809,0 210,271,294,373,0 
datasets/train/JPEGImages/train_266.jpg 27,183,316,478,0 421,233,705,495,0 
datasets/train/JPEGImages/train_848.jpg 1056,258,1400,565,0 223,376,440,687,0 1714,325,1820,467,0 1960,381,2096,501,0 
datasets/train/JPEGImages/train_513.jpg 42,119,89,156,1 146,122,185,154,1 224,127,259,160,1 321,107,354,136,1 438,116,477,152,1 518,126,557,158,1 
datasets/train/JPEGImages/train_786.jpg 526,265,687,431,0 1508,322,1685,478,0 1776,176,1914,345,0 
datasets/train/JPEGImages/train_308.jpg 156,118,272,281,1 
datasets/train/JPEGImages/train_751.jpg 785,258,1034,559,1 
datasets/train/JPEGImages/train_516.jpg 230,148,291,201,1 370,183,432,241,1 
datasets/train/JPEGImages/train_132.jpg 141,92,398,328,0 
datasets/train/JPEGImages/train_597.jpg 289,145,365,238,1 
datasets/train/JPEGImages/train_713.jpg 368,260,531,466,1 
datasets/train/JPEGImages/train_96.jpg 957,316,1057,439,0 1330,228,1485,387,0 1646,275,1724,355,0 751,314,843,436,0 846,352,887,428,0 571,306,743,498,0 373,389,602,631,0 260,434,365,539,0 
datasets/train/JPEGImages/train_705.jpg 96,76,216,196,0 220,63,345,199,0 
datasets/train/JPEGImages/train_84.jpg 776,203,909,352,0 1402,55,1623,317,0 
datasets/train/JPEGImages/train_802.jpg 1649,220,1711,290,0 1452,244,1501,298,0 
datasets/train/JPEGImages/train_662.jpg 94,84,289,282,1 
datasets/train/JPEGImages/train_760.jpg 1264,172,1571,469,0 
datasets/train/JPEGImages/train_780.jpg 1006,526,1044,565,0 462,557,507,605,0 648,583,685,616,0 280,580,331,635,0 
datasets/train/JPEGImages/train_785.jpg 886,311,1010,424,0 1153,347,1252,437,0 
datasets/train/JPEGImages/train_955.jpg 579,173,640,260,1 
datasets/train/JPEGImages/train_499.jpg 195,123,274,196,1 
datasets/train/JPEGImages/train_346.jpg 217,115,453,343,1 
datasets/train/JPEGImages/train_654.jpg 173,136,275,242,1 
datasets/train/JPEGImages/train_716.jpg 138,74,163,99,0 202,77,228,102,0 274,80,300,107,0 
datasets/train/JPEGImages/train_873.jpg 1208,246,1560,601,0 
datasets/train/JPEGImages/train_613.jpg 383,210,444,287,0 493,183,578,258,0 
datasets/train/JPEGImages/train_926.jpg 684,225,856,416,1 158,204,232,275,1 328,178,387,254,1 644,118,693,185,1 1126,192,1181,260,1 1018,101,1052,150,1 833,123,867,166,1 728,131,765,178,1 468,219,534,371,1 945,214,1028,314,1 
datasets/train/JPEGImages/train_220.jpg 544,265,766,521,1 
datasets/train/JPEGImages/train_532.jpg 305,116,350,158,1 
datasets/train/JPEGImages/train_667.jpg 198,340,520,656,1 
datasets/train/JPEGImages/train_413.png 1086,276,1406,620,1 
datasets/train/JPEGImages/train_640.jpg 112,118,183,183,1 
datasets/train/JPEGImages/train_936.jpg 42,311,290,608,1 635,224,773,393,1 971,351,1199,594,1 431,218,539,337,1 
datasets/train/JPEGImages/train_981.jpg 944,92,1293,531,0 1723,42,1943,330,0 
datasets/train/JPEGImages/train_270.jpg 338,256,385,301,0 540,281,589,327,0 685,280,712,311,1 
datasets/train/JPEGImages/train_985.jpg 1559,152,1769,455,0 2021,134,2134,339,0 1385,147,1537,341,0 902,106,1044,306,0 687,148,923,503,0 243,128,404,356,0 
datasets/train/JPEGImages/train_843.jpg 686,496,818,626,0 308,451,369,525,0 412,527,476,601,0 
datasets/train/JPEGImages/train_257.jpg 166,233,249,307,1 
datasets/train/JPEGImages/train_470.png 38,138,67,167,1 161,141,186,167,1 310,153,329,175,1 449,146,469,169,1 567,141,592,167,1 
datasets/train/JPEGImages/train_206.jpg 462,151,624,282,1 
datasets/train/JPEGImages/train_525.jpg 300,79,361,144,1 
datasets/train/JPEGImages/train_557.jpg 303,159,331,190,1 
datasets/train/JPEGImages/train_489.jpg 170,170,258,260,1 371,232,433,300,1 475,243,546,317,1 440,267,480,316,1 
datasets/train/JPEGImages/train_32.jpg 1124,327,1176,408,0 1326,273,1398,370,0 1435,314,1531,422,0 1685,334,1751,422,0 1734,222,1865,383,0 315,231,488,437,0 490,283,588,402,0 665,214,829,425,0 998,387,1069,448,0 
datasets/train/JPEGImages/train_110.jpg 210,235,291,297,1 
datasets/train/JPEGImages/train_134.jpg 168,104,194,136,1 237,107,273,142,0 
datasets/train/JPEGImages/train_364.png 752,211,1186,715,1 
datasets/train/JPEGImages/train_309.jpg 181,246,301,394,1 
datasets/train/JPEGImages/train_371.png 1154,301,1492,649,1 
datasets/train/JPEGImages/train_815.jpg 967,215,1161,399,0 1368,261,1492,370,0 
datasets/train/JPEGImages/train_645.jpg 235,186,353,341,1 1006,129,1100,301,1 98,262,144,329,1 
datasets/train/JPEGImages/train_323.jpg 414,112,477,188,1 
datasets/train/JPEGImages/train_611.jpg 227,209,299,280,0 704,258,761,351,0 
datasets/train/JPEGImages/train_746.jpg 887,2217,1045,2381,1 1329,2259,1471,2391,1 1735,2265,1858,2378,1 2093,2278,2206,2397,1 2442,2242,2567,2388,1 2758,2349,2877,2497,1 3177,2259,3335,2426,1 
datasets/train/JPEGImages/train_773.jpg 1043,283,1283,558,0 419,268,566,405,0 571,317,648,394,0 205,276,276,355,0 233,207,317,270,0 823,273,871,315,0 748,269,809,316,0 1823,358,1965,504,0 1974,330,2089,474,0 1315,242,1393,321,0 1432,275,1484,331,0 
datasets/train/JPEGImages/train_833.jpg 1577,717,1656,814,0 1706,634,1791,709,0 1362,481,1444,569,0 
datasets/train/JPEGImages/train_155.jpg 307,306,428,433,1 
datasets/train/JPEGImages/train_197.jpg 214,99,348,275,1 
datasets/train/JPEGImages/train_839.jpg 1458,410,1576,544,0 1312,356,1410,441,0 
datasets/train/JPEGImages/train_41.jpg 1582,422,1668,528,0 1852,398,1957,533,0 962,487,1149,730,0 1112,431,1218,539,0 1235,206,1352,303,0 698,209,779,309,0 
datasets/train/JPEGImages/train_706.jpg 250,274,278,306,0 218,274,244,306,0 
datasets/train/JPEGImages/train_86.jpg 1526,211,1777,506,0 876,269,1085,511,0 601,342,779,572,0 209,311,414,656,0 1404,455,1513,591,1 
datasets/train/JPEGImages/train_790.jpg 1114,312,1409,581,0 
datasets/train/JPEGImages/train_438.png 832,183,1174,506,1 
datasets/train/JPEGImages/train_599.jpg 217,165,239,191,1 309,164,338,194,1 386,176,413,202,1 
datasets/train/JPEGImages/train_995.jpg 971,92,1284,505,0 1977,141,2127,462,0 391,67,609,336,0 
datasets/train/JPEGImages/train_217.jpg 542,264,794,548,1 
datasets/train/JPEGImages/train_107.jpg 1280,236,1534,497,0 1280,17,1343,84,0 
datasets/train/JPEGImages/train_674.jpg 421,53,527,171,1 
datasets/train/JPEGImages/train_123.jpg 188,135,216,171,0 211,120,238,158,0 
datasets/train/JPEGImages/train_431.png 654,290,1237,898,0 
datasets/train/JPEGImages/train_104.jpg 1160,212,1310,461,0 1304,158,1419,430,0 846,153,1080,408,0 2002,261,2090,342,0 
datasets/train/JPEGImages/train_892.jpg 1002,275,1035,315,1 468,208,496,239,1 437,140,457,159,1 621,137,644,159,1 707,121,717,132,1 1081,57,1102,83,1 1124,88,1142,111,1 
datasets/train/JPEGImages/train_912.jpg 144,182,240,285,1 326,159,371,198,1 
datasets/train/JPEGImages/train_368.png 797,206,1185,643,1 
datasets/train/JPEGImages/train_315.jpg 318,212,615,566,0 
datasets/train/JPEGImages/train_175.jpg 159,125,255,229,1 
datasets/train/JPEGImages/train_736.jpg 254,144,440,388,1 
datasets/train/JPEGImages/train_692.jpg 138,100,393,428,1 
datasets/train/JPEGImages/train_850.jpg 2035,536,2133,643,0 2063,268,2138,361,0 1829,565,1923,658,0 1886,288,1979,370,0 1745,300,1832,381,0 1633,252,1712,331,0 1654,580,1751,671,0 1496,254,1574,325,0 1436,561,1527,655,0 1364,238,1445,318,0 1252,581,1345,679,0 1071,594,1160,671,0 859,609,955,702,0 1210,238,1281,315,0 444,282,547,373,0 
datasets/train/JPEGImages/train_345.jpg 92,113,315,334,1 
datasets/train/JPEGImages/train_972.jpg 285,475,341,528,0 438,462,487,508,0 521,445,555,480,0 687,437,718,467,0 723,433,749,456,0 449,520,566,639,0 609,500,685,578,0 727,470,791,544,0 801,485,851,535,0 851,464,882,508,0 1148,436,1168,458,0 1719,497,1796,575,0 1843,447,1884,489,0 1960,455,2010,503,0 2084,462,2134,517,0 1907,533,2005,659,0 1379,441,1407,483,0 1402,441,1435,487,0 1437,441,1474,491,0 1480,450,1518,495,0 1521,458,1577,516,0 1587,469,1655,541,0 1657,433,1685,461,0 1623,427,1646,456,0 1576,425,1601,452,0 882,444,930,494,0 757,431,787,462,0 
datasets/train/JPEGImages/train_50.jpg 1013,212,1155,373,0 1282,267,1407,403,0 1455,311,1580,450,0 1879,291,2012,450,0 
datasets/train/JPEGImages/train_57.jpg 1402,428,1462,528,0 635,444,676,492,0 673,428,712,475,0 532,412,598,484,0 355,369,418,431,0 1442,459,1520,534,0 
datasets/train/JPEGImages/train_914.jpg 363,156,392,184,1 129,293,163,329,1 0,301,42,363,1 
datasets/train/JPEGImages/train_538.jpg 214,221,230,243,1 272,210,294,231,1 334,210,358,231,1 
datasets/train/JPEGImages/train_305.jpg 131,94,234,217,1 
datasets/train/JPEGImages/train_900.jpg 17,137,26,148,1 448,113,466,133,1 500,115,516,135,1 524,121,543,140,1 591,164,609,187,1 647,150,666,174,1 592,108,612,131,1 562,107,580,128,1 529,98,543,116,1 548,87,562,103,1 533,71,547,87,1 537,55,551,74,1 557,67,576,81,1 604,71,616,88,1 642,82,653,94,1 657,82,672,102,1 629,26,642,37,1 582,35,596,47,1 566,51,579,61,1 621,58,633,72,1 480,84,494,97,1 470,63,485,80,1 442,94,463,112,1 275,106,293,118,1 339,83,350,99,1 316,87,328,102,1 373,83,384,93,1 357,73,366,83,1 473,51,485,61,1 448,54,465,66,1 433,48,442,61,1 354,120,372,140,1 387,122,403,141,1 222,102,232,112,1 305,67,316,82,1 278,66,292,80,1 298,46,304,58,1 
datasets/train/JPEGImages/train_894.jpg 244,236,260,259,1 279,242,294,261,1 316,257,336,280,1 355,268,379,294,1 533,278,560,310,1 621,282,646,313,1 622,250,642,272,1 707,261,727,289,1 680,316,710,352,1 731,329,763,373,1 817,364,854,409,1 965,346,994,393,1 994,319,1022,363,1 1069,321,1102,364,1 1014,246,1042,285,1 951,246,981,274,1 910,292,938,331,1 827,268,858,309,1 773,251,799,290,1 1109,250,1122,279,1 1083,229,1100,256,1 1057,226,1075,252,1 1015,189,1032,215,1 958,200,983,231,1 1038,162,1062,182,1 872,162,899,190,1 832,201,863,217,1 800,215,821,241,1 786,189,807,214,1 644,185,669,214,1 660,164,683,196,1 516,174,537,192,1 427,220,453,250,1 511,240,536,263,1 458,229,486,257,1 468,200,491,221,1 599,185,623,214,1 395,206,407,222,1 749,168,769,193,1 828,172,851,187,1 739,214,764,234,1 695,236,718,258,1 
datasets/train/JPEGImages/train_403.png 800,291,1088,623,1 
datasets/train/JPEGImages/train_49.jpg 1021,297,1132,406,0 541,258,665,397,0 1662,328,1740,433,0 
datasets/train/JPEGImages/train_560.jpg 318,151,380,222,1 
datasets/train/JPEGImages/train_909.jpg 148,152,168,171,1 203,154,222,173,1 358,119,375,134,1 242,120,264,138,1 292,133,313,159,1 304,122,322,152,1 
datasets/train/JPEGImages/train_950.jpg 1137,1205,1287,1356,1 796,1202,912,1314,1 99,1273,338,1538,1 145,1080,230,1158,1 365,1275,466,1347,1 290,1038,357,1121,1 904,1020,958,1079,1 817,997,865,1046,1 636,1003,690,1063,1 546,1028,617,1100,1 451,1046,509,1103,1 1095,979,1149,1041,1 1240,1001,1287,1057,1 1387,1012,1439,1066,1 1489,1014,1533,1069,1 1600,1021,1653,1077,1 1654,966,1697,1025,1 1716,999,1761,1050,1 1783,1044,1835,1108,1 1814,998,1847,1046,1 1903,1037,1948,1098,1 2038,1044,2091,1106,1 2233,1028,2292,1095,1 2335,1041,2390,1101,1 2698,1055,2759,1148,1 
datasets/train/JPEGImages/train_240.jpg 408,199,825,543,1 
datasets/train/JPEGImages/train_754.jpg 187,86,498,388,1 
datasets/train/JPEGImages/train_524.jpg 341,79,396,138,1 
datasets/train/JPEGImages/train_554.jpg 220,112,293,186,1 
datasets/train/JPEGImages/train_491.jpg 185,166,219,201,1 272,165,297,192,1 385,163,415,192,1 463,167,498,194,1 
datasets/train/JPEGImages/train_239.jpg 363,115,912,646,1 
datasets/train/JPEGImages/train_304.jpg 198,184,263,245,1 417,128,483,197,1 
datasets/train/JPEGImages/train_552.jpg 224,166,254,198,1 411,151,442,187,1 
datasets/train/JPEGImages/train_183.jpg 215,109,328,265,1 
datasets/train/JPEGImages/train_752.jpg 498,186,640,344,1 
datasets/train/JPEGImages/train_112.jpg 76,128,201,222,1 
datasets/train/JPEGImages/train_189.jpg 287,246,469,442,1 
datasets/train/JPEGImages/train_200.jpg 0,365,69,442,0 107,355,169,410,0 344,96,408,149,0 533,45,589,103,0 
datasets/train/JPEGImages/train_148.jpg 232,179,466,402,1 
datasets/train/JPEGImages/train_480.jpg 207,149,232,176,1 
datasets/train/JPEGImages/train_113.jpg 307,323,508,489,1 
datasets/train/JPEGImages/train_15.jpg 1023,247,1141,403,0 1197,223,1340,410,0 1454,322,1569,473,0 
datasets/train/JPEGImages/train_602.jpg 199,128,231,173,1 271,117,305,157,1 350,146,393,193,1 
datasets/train/JPEGImages/train_767.jpg 209,489,476,845,0 463,365,618,614,0 754,683,1034,892,0 1247,501,1472,723,0 1700,478,1927,696,0 408,114,568,257,0 680,160,826,332,0 731,41,852,154,0 980,218,1195,446,0 1354,249,1547,452,0 1575,256,1734,464,0 1146,114,1236,256,0 1548,46,1608,119,0 1360,6,1438,82,0 1276,58,1377,146,0 925,0,1004,75,0 1050,0,1118,64,0 1990,214,2094,332,0 2062,90,2134,190,0 1814,217,1939,318,0 1892,143,1955,201,0 1736,191,1802,278,0 
datasets/train/JPEGImages/train_452.png 840,164,1191,499,1 
datasets/train/JPEGImages/train_861.jpg 927,261,1174,527,0 1198,324,1353,553,0 
datasets/train/JPEGImages/train_969.jpg 1515,723,1696,940,1 
datasets/train/JPEGImages/train_917.jpg 537,244,614,331,1 309,302,382,392,1 417,160,471,219,1 620,158,672,214,1 591,106,616,137,1 472,112,512,156,1 355,104,390,146,1 245,121,283,167,1 102,119,145,171,1 116,205,173,273,1 0,345,65,460,1 835,246,896,322,1 771,151,820,207,1 273,202,322,244,1 895,196,1033,411,1 
datasets/train/JPEGImages/train_588.jpg 49,168,91,211,1 146,137,186,177,1 251,150,289,186,1 352,148,387,194,1 460,161,496,198,1 551,184,587,222,1 
datasets/train/JPEGImages/train_582.jpg 298,183,348,246,1 
datasets/train/JPEGImages/train_93.jpg 921,86,1312,594,0 
datasets/train/JPEGImages/train_621.jpg 124,53,181,118,1 
datasets/train/JPEGImages/train_905.jpg 371,103,387,126,1 705,66,724,87,1 777,69,795,91,1 
datasets/train/JPEGImages/train_85.jpg 1191,131,1499,462,0 
datasets/train/JPEGImages/train_234.jpg 439,378,662,568,1 
datasets/train/JPEGImages/train_43.jpg 1621,334,1676,398,0 2016,245,2151,477,0 1782,331,1832,384,0 
datasets/train/JPEGImages/train_596.jpg 237,153,267,186,1 326,178,357,211,1 405,177,435,214,1 67,260,85,279,1 
datasets/train/JPEGImages/train_938.jpg 269,327,297,363,1 
datasets/train/JPEGImages/train_781.jpg 1162,647,1225,716,0 1239,673,1294,728,0 1369,664,1420,709,0 
datasets/train/JPEGImages/train_478.jpg 160,42,224,116,1 
datasets/train/JPEGImages/train_281.jpg 361,166,711,500,0 
datasets/train/JPEGImages/train_241.jpg 392,263,820,579,1 
datasets/train/JPEGImages/train_608.jpg 136,101,173,145,1 250,91,289,134,1 376,119,412,157,1 463,115,498,162,1 
datasets/train/JPEGImages/train_844.jpg 843,436,1018,594,0 1653,57,1828,227,0 1273,491,1437,665,0 1013,71,1105,159,0 
datasets/train/JPEGImages/train_471.jpg 75,51,143,130,1 
datasets/train/JPEGImages/train_750.jpg 407,503,739,876,1 
datasets/train/JPEGImages/train_263.jpg 110,166,192,260,1 223,91,317,176,0 500,51,587,142,0 620,154,712,243,0 
datasets/train/JPEGImages/train_697.jpg 163,123,217,177,0 
datasets/train/JPEGImages/train_507.jpg 151,144,197,190,1 425,133,473,173,1 
datasets/train/JPEGImages/train_60.jpg 1451,650,1507,719,0 1505,656,1541,703,0 927,644,987,703,0 973,670,1010,731,0 602,659,648,697,0 
datasets/train/JPEGImages/train_424.png 771,261,958,467,1 
datasets/train/JPEGImages/train_788.jpg 853,278,1060,469,0 1506,571,1746,745,0 
datasets/train/JPEGImages/train_727.jpg 220,236,297,313,1 
datasets/train/JPEGImages/train_166.jpg 273,425,522,671,1 
datasets/train/JPEGImages/train_488.jpg 167,152,267,217,1 209,344,267,449,1 
datasets/train/JPEGImages/train_412.png 595,165,1038,669,1 
datasets/train/JPEGImages/train_671.jpg 201,382,359,552,1 
datasets/train/JPEGImages/train_872.jpg 1730,520,1892,729,0 1736,162,1911,334,0 1303,460,1462,584,0 311,596,540,821,0 
datasets/train/JPEGImages/train_764.jpg 1165,284,1520,655,0 641,458,773,567,0 205,427,325,571,0 377,420,422,464,0 429,273,457,304,0 567,373,598,407,0 1876,382,1937,438,0 
datasets/train/JPEGImages/train_168.jpg 313,229,447,380,1 
datasets/train/JPEGImages/train_685.jpg 199,472,415,642,1 
datasets/train/JPEGImages/train_341.png 1025,144,1477,636,1 
datasets/train/JPEGImages/train_737.jpg 81,77,153,145,0 168,96,283,204,0 309,83,371,144,0 
datasets/train/JPEGImages/train_147.jpg 221,141,363,319,1 
datasets/train/JPEGImages/train_14.jpg 341,159,435,256,0 484,186,535,266,0 737,117,835,248,0 901,139,1052,330,0 846,198,913,303,0 1118,187,1157,239,0 1248,187,1323,264,0 1343,141,1446,277,0 1601,181,1721,330,0 1780,164,1982,410,0 1524,211,1574,256,0 
datasets/train/JPEGImages/train_545.jpg 313,110,367,177,1 500,101,557,160,1 
datasets/train/JPEGImages/train_46.jpg 751,125,965,384,0 1132,175,1388,459,0 1005,261,1110,398,0 441,225,601,386,0 287,255,369,350,0 210,225,291,355,0 
datasets/train/JPEGImages/train_527.jpg 164,140,219,201,1 
datasets/train/JPEGImages/train_638.jpg 140,69,192,124,1 
datasets/train/JPEGImages/train_934.jpg 94,425,207,527,1 499,349,590,471,1 862,327,988,455,1 712,239,770,305,1 423,213,495,284,1 161,217,242,291,1 
datasets/train/JPEGImages/train_448.png 819,191,1177,499,1 
datasets/train/JPEGImages/train_826.jpg 1106,298,1268,465,0 970,331,1090,460,0 
datasets/train/JPEGImages/train_5.jpg 1074,244,1168,394,0 1296,430,1443,603,0 760,294,837,377,0 1184,256,1240,327,0 1341,214,1398,284,0 1862,233,1974,319,0 
datasets/train/JPEGImages/train_832.jpg 849,269,1205,578,0 1705,591,1831,727,0 
datasets/train/JPEGImages/train_882.jpg 313,180,338,208,1 1018,259,1048,299,1 
datasets/train/JPEGImages/train_312.jpg 390,233,428,272,0 
datasets/train/JPEGImages/train_759.jpg 1489,451,1547,498,0 1081,350,1172,435,0 402,367,509,446,0 855,424,912,473,0 
datasets/train/JPEGImages/train_306.jpg 15,145,49,194,0 89,131,136,181,0 240,330,275,365,0 285,223,323,267,0 330,186,366,221,0 396,211,438,247,0 449,212,482,244,0 554,193,587,230,0 620,201,654,238,0 705,167,739,202,0 201,167,238,211,1 298,184,327,211,1 516,199,547,237,1 375,188,411,226,1 
datasets/train/JPEGImages/train_297.jpg 374,364,477,476,1 
datasets/train/JPEGImages/train_603.jpg 222,69,271,135,1 413,101,467,172,1 
datasets/train/JPEGImages/train_860.jpg 572,538,606,578,0 644,535,671,567,0 1261,553,1300,599,0 
datasets/train/JPEGImages/train_252.jpg 243,363,658,815,1 
datasets/train/JPEGImages/train_404.png 1230,259,1556,637,1 
datasets/train/JPEGImages/train_919.jpg 4119,1585,4231,1715,1 1444,1795,1511,1879,1 544,1799,651,1897,1 275,1885,368,2040,1 
datasets/train/JPEGImages/train_864.jpg 1577,180,1770,411,0 1185,305,1442,540,0 688,336,814,562,0 737,185,885,362,0 
datasets/train/JPEGImages/train_329.jpg 219,281,252,311,1 
datasets/train/JPEGImages/train_978.jpg 609,378,649,414,0 677,434,766,536,0 810,470,940,603,0 1787,452,1871,552,0 1744,431,1816,508,0 1951,391,2002,447,0 1577,408,1638,469,0 1404,394,1479,456,0 1285,383,1338,438,0 1224,383,1266,430,0 1087,373,1148,423,0 1012,377,1049,416,0 954,375,988,416,0 1529,377,1569,416,0 1638,389,1680,433,0 1337,372,1369,411,0 
datasets/train/JPEGImages/train_663.jpg 144,117,290,276,1 
datasets/train/JPEGImages/train_178.jpg 189,64,276,175,1 430,141,504,212,1 
datasets/train/JPEGImages/train_526.jpg 360,101,518,245,1 
datasets/train/JPEGImages/train_229.jpg 292,420,738,907,1 
datasets/train/JPEGImages/train_435.png 862,297,1052,519,1 
datasets/train/JPEGImages/train_695.jpg 117,52,169,123,1 
datasets/train/JPEGImages/train_322.jpg 238,91,289,145,1 
datasets/train/JPEGImages/train_618.png 83,63,122,99,0 511,98,542,140,0 553,124,583,159,0 369,51,413,97,1 
datasets/train/JPEGImages/train_466.jpg 379,167,529,297,0 
datasets/train/JPEGImages/train_791.jpg 1616,344,1747,466,0 1194,324,1299,434,0 710,257,819,364,0 522,333,622,478,0 
datasets/train/JPEGImages/train_874.jpg 712,203,735,228,1 628,190,647,219,1 586,166,606,192,1 422,165,444,186,1 823,168,840,193,1 802,130,820,155,1 845,96,862,117,1 896,92,918,113,1 877,70,894,90,1 919,65,932,84,1 919,129,934,150,1 786,75,805,98,1 706,112,722,132,1 692,102,710,121,1 641,110,664,135,1 746,124,766,144,1 776,118,796,138,1 738,96,752,112,1 759,91,776,110,1 722,82,738,99,1 490,143,510,160,1 506,104,523,121,1 528,115,545,128,1 553,122,569,139,1 489,98,503,116,1 462,130,480,148,1 434,132,451,148,1 386,120,402,136,1 404,109,420,124,1 360,122,379,140,1 338,122,356,141,1 350,162,370,178,1 349,147,364,163,1 306,146,326,166,1 476,81,489,96,1 614,84,633,105,1 647,76,661,91,1 683,61,695,72,1 734,55,744,66,1 795,58,808,70,1 830,61,842,75,1 569,92,586,110,1 697,138,716,165,1 501,177,523,204,1 270,146,285,165,1 936,108,952,129,1 948,65,960,84,1 984,79,997,102,1 977,98,995,122,1 73,226,111,269,1 
datasets/train/JPEGImages/train_666.jpg 130,61,278,210,1 
datasets/train/JPEGImages/train_230.jpg 469,132,816,491,1 
datasets/train/JPEGImages/train_722.jpg 146,164,456,560,1 
datasets/train/JPEGImages/train_704.jpg 0,112,188,295,0 
datasets/train/JPEGImages/train_421.png 928,220,1264,628,1 
datasets/train/JPEGImages/train_484.jpg 162,70,201,112,1 
datasets/train/JPEGImages/train_629.jpg 110,36,188,132,1 
datasets/train/JPEGImages/train_655.jpg 326,302,388,368,1 450,313,481,372,1 285,191,330,254,0 
datasets/train/JPEGImages/train_219.jpg 333,225,572,474,1 
datasets/train/JPEGImages/train_20.jpg 812,406,893,491,0 682,425,755,503,0 563,427,627,486,0 1009,414,1110,528,0 1174,437,1238,509,0 1371,419,1488,548,0 1529,425,1613,523,0 1782,445,1899,595,0 1927,412,2010,520,0 1449,377,1477,406,0 
datasets/train/JPEGImages/train_738.jpg 142,134,346,354,0 
datasets/train/JPEGImages/train_585.jpg 18,214,40,246,1 72,199,113,237,1 201,152,273,257,1 305,138,368,202,1 434,163,502,229,1 
datasets/train/JPEGImages/train_711.jpg 368,270,530,450,1 
datasets/train/JPEGImages/train_375.png 1200,280,1543,661,1 
datasets/train/JPEGImages/train_116.jpg 331,128,387,173,1 
datasets/train/JPEGImages/train_632.jpg 130,36,180,92,1 
datasets/train/JPEGImages/train_664.jpg 137,102,287,275,1 
datasets/train/JPEGImages/train_255.jpg 153,361,508,698,1 
datasets/train/JPEGImages/train_903.jpg 22,287,47,319,1 555,278,583,308,1 655,269,682,308,1 646,236,671,266,1 679,188,699,212,1 737,241,761,272,1 791,245,820,279,1 834,237,856,269,1 731,280,764,317,1 814,295,842,333,1 854,312,890,366,1 881,263,905,299,1 956,276,978,312,1 1018,293,1046,334,1 986,338,1016,380,1 982,243,1008,274,1 1046,253,1068,286,1 1105,313,1131,350,1 1093,261,1121,296,1 1066,237,1090,262,1 1133,236,1153,261,1 1114,215,1136,242,1 1074,218,1096,237,1 1025,207,1041,228,1 996,202,1024,226,1 1034,189,1052,208,1 1024,171,1040,189,1 1046,176,1061,197,1 1090,190,1109,211,1 1063,166,1078,187,1 282,233,293,251,1 349,209,366,222,1 313,250,331,278,1 352,262,370,281,1 402,238,431,268,1 432,198,450,217,1 496,233,511,255,1 465,222,481,244,1 500,203,519,219,1 497,185,509,200,1 546,178,565,200,1 521,167,536,185,1 474,174,492,194,1 549,226,572,252,1 612,217,632,239,1 624,181,640,200,1 655,180,673,200,1 580,180,597,201,1 566,160,585,179,1 713,174,733,196,1 724,163,747,184,1 734,145,750,165,1 640,158,665,174,1 765,202,781,224,1 774,165,791,185,1 825,181,843,199,1 882,194,902,210,1 940,190,952,211,1 899,174,911,196,1 909,162,922,180,1 850,146,872,166,1 857,169,876,193,1 824,152,843,173,1 802,144,820,158,1 
datasets/train/JPEGImages/train_78.jpg 1012,253,1237,509,0 1447,142,1713,454,0 590,130,791,406,0 
datasets/train/JPEGImages/train_338.png 743,230,1115,700,1 
datasets/train/JPEGImages/train_691.jpg 214,91,420,336,1 
datasets/train/JPEGImages/train_612.jpg 279,162,341,223,0 
datasets/train/JPEGImages/train_97.jpg 1060,69,1465,527,0 1807,297,2116,695,0 
datasets/train/JPEGImages/train_254.jpg 354,391,775,900,1 
datasets/train/JPEGImages/train_700.jpg 197,58,259,119,0 
datasets/train/JPEGImages/train_610.jpg 308,339,340,382,0 536,347,573,391,0 654,318,696,358,0 
datasets/train/JPEGImages/train_126.jpg 128,178,263,287,0 
datasets/train/JPEGImages/train_162.jpg 496,133,673,321,1 
datasets/train/JPEGImages/train_193.jpg 448,239,789,576,0 
datasets/train/JPEGImages/train_565.jpg 57,223,73,243,1 103,217,125,236,1 163,223,186,243,1 226,207,251,230,1 315,188,338,215,1 366,197,393,218,1 472,187,496,212,1 
datasets/train/JPEGImages/train_743.jpg 193,72,354,261,0 
datasets/train/JPEGImages/train_834.jpg 965,586,1143,757,0 1668,202,1767,340,0 1485,245,1584,348,0 1427,239,1490,333,0 1193,259,1272,342,0 1103,273,1185,357,0 955,231,1039,324,0 673,249,771,344,0 
datasets/train/JPEGImages/train_846.jpg 756,198,1040,461,0 
datasets/train/JPEGImages/train_550.jpg 209,97,297,195,1 
datasets/train/JPEGImages/train_988.jpg 951,109,1102,283,0 469,112,624,309,0 282,209,523,516,0 1407,183,1635,491,0 
datasets/train/JPEGImages/train_19.jpg 934,412,1044,552,0 1301,425,1398,528,0 1435,430,1507,511,0 1629,439,1716,517,0 1766,422,1827,492,0 402,425,532,580,0 
datasets/train/JPEGImages/train_774.jpg 1325,433,1398,486,0 1531,419,1577,471,0 1409,417,1452,465,0 1928,410,1971,453,0 1762,404,1795,436,0 
datasets/train/JPEGImages/train_381.png 799,306,1095,625,1 
datasets/train/JPEGImages/train_528.jpg 140,97,206,167,1 
datasets/train/JPEGImages/train_279.jpg 1376,761,2039,1514,0 
datasets/train/JPEGImages/train_658.jpg 108,92,293,273,1 
datasets/train/JPEGImages/train_765.jpg 1460,233,1758,495,0 1026,384,1161,525,0 1125,233,1177,287,0 1240,257,1285,299,0 1468,258,1523,320,0 
datasets/train/JPEGImages/train_698.jpg 188,173,237,225,0 
datasets/train/JPEGImages/train_625.jpg 116,82,208,194,1 
datasets/train/JPEGImages/train_968.jpg 97,294,151,363,1 300,281,360,354,1 21,231,63,283,1 113,222,140,258,1 158,251,196,297,1 36,171,61,201,1 66,177,87,205,1 94,182,114,209,1 131,192,153,222,1 261,245,302,305,1 226,234,256,266,1 547,266,591,317,1 591,232,625,275,1 514,237,547,277,1 482,235,512,273,1 452,231,471,259,1 300,234,324,271,1 201,230,222,270,1 323,230,345,264,1 
datasets/train/JPEGImages/train_384.png 647,278,1212,990,1 
datasets/train/JPEGImages/train_70.jpg 1082,466,1176,550,0 526,419,640,534,0 
datasets/train/JPEGImages/train_997.jpg 1018,170,1341,600,0 282,95,493,325,0 915,84,1049,331,0 
datasets/train/JPEGImages/train_590.png 284,111,378,206,1 
datasets/train/JPEGImages/train_249.jpg 444,225,586,347,1 
datasets/train/JPEGImages/train_825.jpg 1056,207,1146,293,0 910,118,995,200,0 
datasets/train/JPEGImages/train_798.jpg 559,477,630,546,0 789,484,857,548,0 1096,495,1153,567,0 1392,454,1465,521,0 1614,475,1702,543,0 1971,768,2035,842,0 
datasets/train/JPEGImages/train_247.jpg 422,162,624,342,1 
datasets/train/JPEGImages/train_138.jpg 33,94,94,158,0 122,100,217,178,0 
datasets/train/JPEGImages/train_496.jpg 198,70,268,136,1 426,60,498,137,1 
datasets/train/JPEGImages/train_131.jpg 111,197,302,385,1 
datasets/train/JPEGImages/train_857.jpg 1035,270,1364,568,0 
datasets/train/JPEGImages/train_227.jpg 360,186,794,674,1 
datasets/train/JPEGImages/train_847.jpg 1534,214,1849,485,0 1060,321,1260,521,0 712,327,908,491,0 543,236,705,421,0 218,303,389,463,0 
datasets/train/JPEGImages/train_518.jpg 182,178,258,247,1 322,124,394,190,1 
datasets/train/JPEGImages/train_59.jpg 1019,123,1198,337,0 1313,145,1448,295,0 1591,203,1730,383,0 1807,233,1937,362,0 846,186,1002,367,0 666,217,798,377,0 510,234,588,353,0 212,100,399,353,0 427,242,487,314,0 
datasets/train/JPEGImages/train_564.jpg 71,107,108,143,1 246,105,289,141,1 311,82,342,117,1 356,103,378,127,1 517,103,553,142,1 
datasets/train/JPEGImages/train_806.jpg 1818,418,1913,513,0 861,426,938,506,0 
datasets/train/JPEGImages/train_979.jpg 1010,100,1319,527,0 
datasets/train/JPEGImages/train_80.jpg 719,211,934,459,0 1391,346,1506,469,0 
datasets/train/JPEGImages/train_925.jpg 156,109,183,144,1 262,94,290,131,1 369,123,408,158,1 442,129,482,171,1 519,135,574,189,1 
datasets/train/JPEGImages/train_353.jpg 155,92,225,169,1 247,70,328,151,1 
datasets/train/JPEGImages/train_432.png 622,284,1201,907,0 
datasets/train/JPEGImages/train_735.jpg 84,216,459,643,1 
datasets/train/JPEGImages/train_144.jpg 81,38,179,119,1 
datasets/train/JPEGImages/train_199.jpg 3403,1987,3857,2456,0 3657,1390,4051,1779,1 1873,1533,2234,1887,1 2157,1910,2626,2356,0 4264,1542,4534,1810,0 665,1695,1050,2156,0 219,1410,480,1695,0 1119,1633,1326,1941,0 1496,1510,1734,1749,0 1665,1333,1926,1672,0 2242,1349,2519,1633,0 2511,1379,2696,1595,0 2751,1118,2888,1287,0 3242,1010,3434,1179,0 1280,1395,1465,1618,1 480,1179,634,1341,0 1611,1079,1819,1287,0 2094,960,2246,1112,1 2337,916,2402,1021,0 2911,895,2989,1003,0 1894,964,1998,1082,0 1120,869,1207,956,0 3063,1064,3228,1208,0 2585,1225,2728,1390,0 4150,899,4246,1025,0 4350,869,4450,999,0 3546,1016,3633,1116,0 4263,869,4346,977,0 
datasets/train/JPEGImages/train_212.jpg 353,355,645,646,1 
datasets/train/JPEGImages/train_98.jpg 1084,64,1527,641,0 
datasets/train/JPEGImages/train_756.jpg 168,405,512,789,1 
datasets/train/JPEGImages/train_729.jpg 330,302,522,512,1 
datasets/train/JPEGImages/train_102.jpg 1055,169,1315,478,0 
datasets/train/JPEGImages/train_576.jpg 125,173,163,220,1 308,191,338,236,1 478,301,506,339,1 
datasets/train/JPEGImages/train_282.jpg 429,153,676,460,0 
datasets/train/JPEGImages/train_351.jpg 287,180,512,426,1 
datasets/train/JPEGImages/train_758.jpg 1219,260,1440,458,0 754,376,990,689,0 
datasets/train/JPEGImages/train_272.jpg 134,98,252,203,0 402,58,505,153,0 678,94,761,182,0 899,87,988,172,0 
datasets/train/JPEGImages/train_881.jpg 474,171,506,210,1 538,177,565,221,1 779,161,819,196,1 952,84,960,100,1 939,82,953,97,1 
datasets/train/JPEGImages/train_409.png 1103,298,1401,637,1 
datasets/train/JPEGImages/train_703.jpg 136,174,453,572,1 
datasets/train/JPEGImages/train_523.jpg 416,108,478,172,1 
datasets/train/JPEGImages/train_436.png 904,304,1086,539,1 
datasets/train/JPEGImages/train_307.jpg 90,186,277,360,1 
datasets/train/JPEGImages/train_569.jpg 182,122,242,182,1 340,90,394,150,1 
datasets/train/JPEGImages/train_649.jpg 164,110,315,249,0 
datasets/train/JPEGImages/train_916.jpg 338,85,445,190,1 1108,317,1197,452,1 677,245,774,319,1 1130,157,1199,228,1 844,90,924,171,1 
datasets/train/JPEGImages/train_616.jpg 213,127,290,233,0 485,156,536,209,0 
datasets/train/JPEGImages/train_761.jpg 765,482,809,529,0 371,522,415,587,0 1237,497,1269,529,0 2085,523,2132,575,0 
datasets/train/JPEGImages/train_816.jpg 1814,146,2013,409,0 1690,205,1820,340,0 1292,234,1406,333,0 818,243,945,367,0 
datasets/train/JPEGImages/train_869.jpg 1118,361,1503,676,0 
datasets/train/JPEGImages/train_203.jpg 436,304,607,504,1 
datasets/train/JPEGImages/train_931.jpg 110,280,185,370,1 546,266,638,364,1 803,6,858,95,1 780,255,837,317,1 1065,346,1199,521,1 
datasets/train/JPEGImages/train_23.jpg 682,312,737,381,0 802,327,862,389,0 854,311,907,377,0 948,287,1012,386,0 1055,309,1112,378,0 1109,309,1193,394,0 1232,333,1282,392,0 1305,334,1373,402,0 1338,280,1438,377,0 1537,289,1632,398,0 1654,278,1709,403,0 1701,297,1838,425,0 313,278,377,336,0 
datasets/train/JPEGImages/train_589.png 211,108,315,213,1 
datasets/train/JPEGImages/train_301.jpg 132,98,394,379,0 
datasets/train/JPEGImages/train_109.jpg 844,166,999,348,0 265,412,385,534,0 
datasets/train/JPEGImages/train_129.jpg 415,115,512,200,1 
datasets/train/JPEGImages/train_675.jpg 313,65,451,219,1 
datasets/train/JPEGImages/train_778.jpg 1478,248,1685,443,0 1039,382,1191,522,0 481,395,551,453,0 
datasets/train/JPEGImages/train_106.jpg 1157,314,1296,461,0 1379,275,1557,467,0 955,302,1082,478,0 
datasets/train/JPEGImages/train_967.jpg 234,548,371,684,1 415,457,592,598,1 47,162,119,259,1 
datasets/train/JPEGImages/train_536.jpg 156,83,187,119,1 
datasets/train/JPEGImages/train_330.jpg 541,144,711,308,1 
datasets/train/JPEGImages/train_485.jpg 181,84,214,120,1 
datasets/train/JPEGImages/train_379.png 695,324,810,443,1 1006,326,1156,454,1 
datasets/train/JPEGImages/train_947.jpg 1028,293,1069,347,1 469,422,511,473,1 675,485,736,559,1 1225,561,1279,641,1 1446,452,1468,491,1 
datasets/train/JPEGImages/train_21.jpg 710,519,780,598,0 1221,533,1299,608,0 
datasets/train/JPEGImages/train_998.jpg 988,108,1313,569,0 
datasets/train/JPEGImages/train_250.jpg 340,202,477,342,1 
datasets/train/JPEGImages/train_29.jpg 1182,270,1291,384,0 1330,364,1410,452,0 1471,317,1551,406,0 1585,170,1829,399,0 215,364,329,483,0 477,337,568,427,0 
datasets/train/JPEGImages/train_296.jpg 393,351,497,450,1 
datasets/train/JPEGImages/train_71.jpg 1038,152,1287,478,0 
datasets/train/JPEGImages/train_929.jpg 685,328,873,553,1 534,61,605,152,1 345,28,430,136,1 
datasets/train/JPEGImages/train_793.jpg 1210,156,1631,504,0 774,386,1152,710,0 
datasets/train/JPEGImages/train_827.jpg 798,222,926,354,0 1696,292,1799,388,0 1301,328,1352,378,0 
datasets/train/JPEGImages/train_383.png 1011,273,1308,640,1 
datasets/train/JPEGImages/train_567.jpg 270,126,332,192,1 
datasets/train/JPEGImages/train_295.jpg 237,211,383,366,1 
datasets/train/JPEGImages/train_151.jpg 432,130,532,213,1 
datasets/train/JPEGImages/train_572.jpg 89,141,142,202,1 249,167,312,234,1 403,144,466,217,1 
datasets/train/JPEGImages/train_593.jpg 300,378,339,422,1 
datasets/train/JPEGImages/train_163.jpg 154,458,477,724,1 
datasets/train/JPEGImages/train_849.jpg 1932,366,2044,476,0 1772,410,1879,490,0 1638,382,1750,480,0 1540,373,1618,456,0 1419,317,1515,416,0 1262,350,1346,428,0 1135,369,1211,440,0 988,345,1070,431,0 864,322,946,383,0 781,361,844,425,0 746,368,775,407,0 654,399,712,452,0 638,353,668,391,0 539,404,600,460,0 433,423,502,475,0 222,353,259,395,0 
datasets/train/JPEGImages/train_766.jpg 889,296,1187,581,0 1445,394,1772,638,0 
datasets/train/JPEGImages/train_768.jpg 764,320,934,517,0 1056,497,1216,626,0 1500,335,1549,380,0 1359,306,1399,381,0 1407,347,1437,398,0 
datasets/train/JPEGImages/train_535.jpg 260,140,304,194,1 
datasets/train/JPEGImages/train_782.jpg 878,363,918,404,0 
datasets/train/JPEGImages/train_416.png 729,317,1092,660,1 
datasets/train/JPEGImages/train_982.jpg 1576,148,1776,454,0 610,161,865,442,0 1494,105,1616,261,0 340,145,513,333,0 
datasets/train/JPEGImages/train_369.png 854,324,1164,632,1 
datasets/train/JPEGImages/train_65.jpg 610,198,796,386,0 1429,272,1740,584,0 
datasets/train/JPEGImages/train_83.jpg 835,91,1212,528,0 
datasets/train/JPEGImages/train_799.jpg 1098,793,1224,881,0 1304,507,1397,572,0 1319,348,1385,421,0 1480,310,1537,366,0 1436,267,1478,321,0 1432,196,1481,233,0 1521,155,1559,196,0 
datasets/train/JPEGImages/train_318.jpg 121,94,256,252,1 
datasets/train/JPEGImages/train_483.jpg 167,60,204,110,1 
datasets/train/JPEGImages/train_885.jpg 91,184,111,210,1 742,178,767,208,1 756,146,776,170,1 818,159,838,184,1 855,170,882,204,1 958,181,977,205,1 644,143,677,170,1 698,126,714,151,1 564,191,580,210,1 408,154,424,175,1 484,125,502,145,1 599,101,617,115,1 426,123,444,138,1 
datasets/train/JPEGImages/train_159.jpg 287,255,515,484,1 
datasets/train/JPEGImages/train_801.jpg 1070,409,1151,484,0 1681,677,1787,809,0 1776,540,1841,618,0 1885,621,1955,745,0 
datasets/train/JPEGImages/train_553.jpg 317,97,369,159,1 
datasets/train/JPEGImages/train_74.jpg 1209,277,1354,466,0 1048,336,1162,478,0 
datasets/train/JPEGImages/train_185.jpg 260,179,453,408,1 
datasets/train/JPEGImages/train_710.jpg 252,196,520,539,1 
datasets/train/JPEGImages/train_361.png 748,227,1143,712,1 
datasets/train/JPEGImages/train_273.jpg 396,640,1203,1471,0 1565,1247,2541,2280,0 2888,167,4298,1530,1 
datasets/train/JPEGImages/train_715.jpg 33,86,59,110,0 84,83,110,106,0 140,74,165,99,0 233,82,257,106,0 287,83,311,107,0 339,90,362,114,0 383,94,406,115,0 
datasets/train/JPEGImages/train_209.jpg 431,680,783,1034,1 
datasets/train/JPEGImages/train_949.jpg 1360,542,1423,626,1 544,453,604,535,1 329,655,406,752,1 1300,741,1355,825,1 46,672,111,749,1 
datasets/train/JPEGImages/train_744.jpg 551,885,700,999,1 
datasets/train/JPEGImages/train_395.png 699,316,822,439,1 1015,283,1147,432,1 
datasets/train/JPEGImages/train_980.jpg 1029,117,1340,508,0 1626,58,1805,334,0 
datasets/train/JPEGImages/train_196.jpg 200,167,348,342,1 
datasets/train/JPEGImages/train_3.jpg 857,609,943,698,0 941,634,994,697,0 1374,616,1438,669,0 
datasets/train/JPEGImages/train_186.jpg 366,352,413,408,1 
datasets/train/JPEGImages/train_870.jpg 1498,356,1642,488,0 1379,438,1439,497,0 871,632,961,800,0 319,399,412,505,0 
datasets/train/JPEGImages/train_963.jpg 1473,783,1564,890,1 871,695,942,782,1 443,674,537,766,1 187,685,259,757,1 
datasets/train/JPEGImages/train_707.jpg 283,108,401,239,0 
datasets/train/JPEGImages/train_31.jpg 860,306,954,403,0 376,308,518,444,0 505,320,571,411,0 682,395,744,456,0 1547,275,1668,378,0 1677,137,1837,334,0 1790,211,2003,424,0 2021,231,2133,518,0 
datasets/train/JPEGImages/train_52.jpg 651,314,787,469,0 257,273,488,562,0 1427,141,1566,325,0 1742,339,1926,551,0 
datasets/train/JPEGImages/train_461.jpg 380,158,527,291,0 
datasets/train/JPEGImages/train_606.jpg 269,226,373,356,1 
datasets/train/JPEGImages/train_277.jpg 403,101,572,264,0 
datasets/train/JPEGImages/train_120.jpg 140,274,412,517,1 
datasets/train/JPEGImages/train_172.jpg 275,170,436,360,1 
datasets/train/JPEGImages/train_866.jpg 1731,365,1870,485,0 825,350,901,473,0 
datasets/train/JPEGImages/train_415.png 845,184,1185,518,1 
datasets/train/JPEGImages/train_973.jpg 1666,167,1829,403,0 1065,111,1387,492,0 735,148,915,394,0 
datasets/train/JPEGImages/train_326.jpg 149,234,221,309,1 
datasets/train/JPEGImages/train_288.jpg 272,201,482,444,1 
datasets/train/JPEGImages/train_959.jpg 1012,1344,1280,1714,1 
datasets/train/JPEGImages/train_251.jpg 324,300,576,535,1 
datasets/train/JPEGImages/train_823.jpg 1747,235,1794,281,0 2065,212,2109,257,0 2033,254,2059,280,0 1942,269,1966,296,0 
datasets/train/JPEGImages/train_880.jpg 1009,280,1043,325,1 
datasets/train/JPEGImages/train_747.jpg 610,704,822,931,1 
datasets/train/JPEGImages/train_822.jpg 893,317,951,389,0 1197,407,1265,495,0 1331,353,1401,419,0 
datasets/train/JPEGImages/train_192.jpg 551,151,646,235,0 306,292,396,387,0 
datasets/train/JPEGImages/train_357.png 766,183,1160,667,1 
datasets/train/JPEGImages/train_668.jpg 472,90,592,232,1 
datasets/train/JPEGImages/train_559.jpg 154,191,178,216,1 197,194,227,220,1 263,183,288,213,1 326,168,353,203,1 394,171,417,202,1 464,188,490,216,1 
datasets/train/JPEGImages/train_494.jpg 372,180,455,262,1 
datasets/train/JPEGImages/train_579.jpg 302,174,331,205,1 
datasets/train/JPEGImages/train_100.jpg 804,72,1204,661,0 
datasets/train/JPEGImages/train_198.jpg 10,230,115,369,0 325,284,473,415,0 607,143,743,265,0 157,165,284,285,0 
datasets/train/JPEGImages/train_749.jpg 371,532,660,877,1 
datasets/train/JPEGImages/train_974.jpg 937,100,1218,498,0 1168,61,1346,269,0 
datasets/train/JPEGImages/train_268.jpg 469,175,508,220,0 521,168,551,197,1 
datasets/train/JPEGImages/train_728.jpg 295,111,387,196,1 
datasets/train/JPEGImages/train_316.jpg 348,438,420,523,1 
datasets/train/JPEGImages/train_408.png 759,296,1133,734,1 
datasets/train/JPEGImages/train_191.jpg 557,102,674,215,0 315,218,407,315,0 124,172,219,260,0 
datasets/train/JPEGImages/train_293.jpg 348,357,511,542,1 
datasets/train/JPEGImages/train_67.jpg 1074,192,1298,433,0 574,120,930,492,0 1546,177,1694,367,0 
datasets/train/JPEGImages/train_784.jpg 676,250,832,393,0 1208,325,1360,461,0 
datasets/train/JPEGImages/train_477.jpg 181,94,218,139,1 
datasets/train/JPEGImages/train_896.jpg 814,188,838,215,1 833,155,852,185,1 888,167,908,195,1 913,142,931,172,1 911,121,932,144,1 869,121,892,144,1 773,135,791,160,1 800,127,818,149,1 772,102,791,123,1 758,95,771,112,1 708,122,725,141,1 722,188,746,220,1 665,177,691,207,1 646,138,669,166,1 621,125,641,149,1 602,148,630,181,1 574,141,596,167,1 578,119,602,152,1 502,141,540,169,1 544,93,560,108,1 552,76,567,95,1 580,55,588,67,1 626,76,641,91,1 624,49,636,63,1 645,50,658,63,1 743,60,757,79,1 730,88,745,100,1 696,83,708,97,1 714,69,728,83,1 753,69,766,84,1 780,83,787,94,1 797,100,808,115,1 813,84,824,100,1 829,110,843,127,1 842,94,856,111,1 854,99,868,115,1 879,103,894,119,1 871,74,881,90,1 930,110,940,128,1 923,94,936,107,1 655,108,673,127,1 686,103,703,122,1 305,122,320,138,1 338,109,351,118,1 398,104,411,118,1 433,112,444,125,1 478,125,495,141,1 408,92,424,107,1 463,77,474,89,1 457,66,470,80,1 490,67,501,78,1 515,82,529,98,1 529,71,541,84,1 519,58,533,75,1 503,57,513,70,1 587,87,601,103,1 612,71,625,87,1 690,64,701,79,1 
datasets/train/JPEGImages/train_605.jpg 288,201,313,235,1 
datasets/train/JPEGImages/train_940.jpg 358,1088,717,1254,1 459,701,615,873,1 1069,575,1147,665,1 1168,537,1239,616,1 1074,489,1127,542,1 1269,473,1336,553,1 268,527,355,632,1 135,517,197,595,1 764,515,825,594,1 861,458,906,519,1 563,463,617,523,1 1835,172,1960,319,1 1433,581,1499,681,1 1501,580,1558,656,1 805,471,850,517,1 683,467,747,516,1 493,495,522,539,1 92,561,154,635,1 191,812,252,947,1 
datasets/train/JPEGImages/train_562.jpg 66,154,97,202,1 168,160,192,194,1 472,143,509,188,1 536,170,572,223,1 
datasets/train/JPEGImages/train_475.jpg 167,121,214,168,1 
datasets/train/JPEGImages/train_901.jpg 518,157,536,182,1 
datasets/train/JPEGImages/train_386.jpg 314,113,519,368,1 
datasets/train/JPEGImages/train_944.jpg 2336,1191,2458,1324,1 
datasets/train/JPEGImages/train_634.jpg 140,105,177,153,1 
datasets/train/JPEGImages/train_88.jpg 141,274,308,450,1 
datasets/train/JPEGImages/train_188.jpg 387,365,444,439,1 
datasets/train/JPEGImages/train_977.jpg 919,155,1262,495,0 1646,186,1916,512,0 302,119,513,272,0 
datasets/train/JPEGImages/train_286.jpg 183,115,501,513,1 
datasets/train/JPEGImages/train_117.jpg 77,266,373,513,1 422,305,651,509,1 
datasets/train/JPEGImages/train_55.jpg 134,127,337,335,1 
datasets/train/JPEGImages/train_935.jpg 256,98,448,308,1 759,138,851,240,1 557,138,630,224,1 1013,300,1095,397,1 
datasets/train/JPEGImages/train_114.jpg 106,155,204,228,1 
datasets/train/JPEGImages/train_775.jpg 1460,293,1596,446,0 1380,263,1450,347,1 
datasets/train/JPEGImages/train_317.jpg 336,435,406,527,1 
datasets/train/JPEGImages/train_991.jpg 562,300,812,580,0 1115,292,1280,520,0 1359,236,1505,416,0 1529,259,1644,402,0 1685,262,1776,370,0 1749,241,1829,334,0 1827,214,1904,312,0 1907,209,1980,303,0 
datasets/train/JPEGImages/train_136.jpg 166,102,196,137,1 243,107,277,140,0 
datasets/train/JPEGImages/train_942.jpg 131,250,256,413,1 404,308,502,441,1 606,300,699,412,1 753,287,830,377,1 871,296,932,374,1 
datasets/train/JPEGImages/train_573.jpg 275,200,297,223,1 325,194,345,219,1 
datasets/train/JPEGImages/train_253.jpg 243,384,630,758,1 
datasets/train/JPEGImages/train_661.jpg 120,121,299,307,1 
datasets/train/JPEGImages/train_141.jpg 183,54,282,131,0 
datasets/train/JPEGImages/train_763.jpg 1142,277,1502,600,0 651,431,769,565,0 341,383,478,525,0 594,366,629,393,0 782,315,804,338,0 249,249,280,277,0 333,245,367,274,0 1877,393,1928,446,0 1687,401,1736,448,0 
datasets/train/JPEGImages/train_137.jpg 144,68,268,159,0 
datasets/train/JPEGImages/train_918.jpg 303,90,324,117,1 442,156,469,184,1 310,152,335,176,1 
datasets/train/JPEGImages/train_343.jpg 217,107,292,171,1 380,83,442,147,1 
datasets/train/JPEGImages/train_447.png 817,176,1164,505,1 
datasets/train/JPEGImages/train_176.jpg 248,122,306,173,1 
datasets/train/JPEGImages/train_787.jpg 750,240,950,433,0 1352,421,1492,557,0 1540,261,1759,446,0 
datasets/train/JPEGImages/train_333.jpg 203,151,242,194,1 
datasets/train/JPEGImages/train_111.jpg 97,274,398,555,1 
datasets/train/JPEGImages/train_820.jpg 1420,280,1703,542,0 522,184,746,445,0 
datasets/train/JPEGImages/train_837.jpg 1406,342,1571,488,0 1663,312,1752,401,0 1019,434,1210,620,0 297,366,364,447,0 587,286,622,333,0 631,316,673,364,0 421,351,477,407,0 371,320,415,371,0 
datasets/train/JPEGImages/train_740.jpg 135,68,311,284,0 
datasets/train/JPEGImages/train_580.jpg 161,168,196,205,1 429,162,462,199,1 
datasets/train/JPEGImages/train_993.jpg 1426,156,1563,333,0 1759,341,1932,561,0 666,331,791,459,0 271,273,479,558,0 
datasets/train/JPEGImages/train_26.jpg 840,466,915,552,0 527,480,607,562,0 1273,453,1366,537,0 1546,494,1616,573,0 1798,516,1887,600,0 
datasets/train/JPEGImages/train_119.jpg 256,235,334,302,1 
datasets/train/JPEGImages/train_570.jpg 82,110,126,155,1 155,131,186,169,1 227,122,264,162,1 288,85,330,134,1 
datasets/train/JPEGImages/train_72.jpg 798,219,1048,505,0 1434,148,1668,425,0 
datasets/train/JPEGImages/train_512.jpg 262,177,355,263,1 
datasets/train/JPEGImages/train_600.jpg 88,135,113,166,1 181,142,210,174,1 273,141,298,171,1 364,171,390,198,1 456,142,487,170,1 
datasets/train/JPEGImages/train_717.jpg 31,86,60,108,0 82,91,108,116,0 133,86,159,110,0 172,76,199,98,0 279,91,305,115,0 323,90,348,116,0 379,85,407,109,0 
datasets/train/JPEGImages/train_927.jpg 197,407,286,498,1 14,341,91,438,1 578,365,638,447,1 722,374,770,435,1 760,340,801,391,1 808,323,838,365,1 713,322,740,362,1 665,339,704,388,1 900,357,951,424,1 1008,345,1051,398,1 369,342,426,403,1 620,326,654,363,1 76,316,120,372,1 3,299,36,345,1 241,337,286,389,1 336,289,355,317,1 308,314,328,341,1 574,312,603,349,1 
datasets/train/JPEGImages/train_648.jpg 278,77,404,224,1 
datasets/train/JPEGImages/train_245.jpg 482,594,615,733,1 
datasets/train/JPEGImages/train_855.jpg 979,257,1170,441,0 906,133,1003,262,0 647,212,779,361,0 1695,192,1749,257,0 1834,189,1895,254,0 1567,221,1614,300,0 
datasets/train/JPEGImages/train_419.png 834,149,1185,590,1 
datasets/train/JPEGImages/train_24.jpg 726,125,990,462,0 335,339,613,669,0 207,152,354,441,0 
datasets/train/JPEGImages/train_614.jpg 686,512,831,629,0 1284,512,1431,639,0 1751,449,1872,578,0 1984,404,2111,541,0 990,514,1113,649,1 
datasets/train/JPEGImages/train_473.jpg 104,112,137,152,1 
datasets/train/JPEGImages/train_331.jpg 200,137,264,202,1 63,138,118,190,0 
datasets/train/JPEGImages/train_224.jpg 417,235,743,567,1 
datasets/train/JPEGImages/train_82.jpg 1047,96,1442,558,0 
datasets/train/JPEGImages/train_915.jpg 140,262,326,468,1 432,189,538,327,1 550,208,654,313,1 1057,153,1199,393,1 951,204,1051,353,1 878,228,954,350,1 875,110,960,208,1 
datasets/train/JPEGImages/train_474.jpg 122,131,151,165,1 
datasets/train/JPEGImages/train_598.jpg 288,113,347,187,1 
datasets/train/JPEGImages/train_118.jpg 27,238,328,501,1 424,319,628,503,1 
datasets/train/JPEGImages/train_38.jpg 901,266,1063,452,0 1069,244,1246,447,0 
datasets/train/JPEGImages/train_795.jpg 726,361,811,437,0 934,308,1043,386,0 1204,273,1320,364,0 1504,168,1608,274,0 
datasets/train/JPEGImages/train_819.jpg 1706,433,1855,575,0 531,433,694,597,0 1441,418,1546,507,0 1091,306,1148,373,0 1356,326,1405,377,0 851,422,921,500,0 
datasets/train/JPEGImages/train_242.jpg 402,151,613,351,1 
datasets/train/JPEGImages/train_256.jpg 180,168,272,267,1 
datasets/train/JPEGImages/train_665.jpg 423,276,575,449,1 
datasets/train/JPEGImages/train_723.jpg 115,321,559,770,1 
datasets/train/JPEGImages/train_504.jpg 512,163,544,201,1 
datasets/train/JPEGImages/train_933.jpg 636,397,737,506,1 323,410,416,500,1 159,354,241,444,1 16,349,97,423,1 839,362,915,443,1 772,309,819,372,1 931,304,983,384,1 638,271,673,315,1 724,241,748,274,1 401,325,443,382,1 282,310,328,367,1 250,288,285,323,1 178,280,217,316,1 104,288,159,336,1 3,289,46,329,1 602,355,651,415,1 691,265,723,304,1 517,324,567,352,1 
datasets/train/JPEGImages/train_427.png 906,242,1255,666,1 
datasets/train/JPEGImages/train_958.jpg 502,138,527,173,1 
datasets/train/JPEGImages/train_446.png 854,294,1048,522,1 
datasets/train/JPEGImages/train_10.jpg 1277,283,1519,600,0 1848,142,1965,295,0 2018,178,2121,297,0 1068,133,1285,416,0 584,234,826,433,0 202,227,344,353,0 
datasets/train/JPEGImages/train_883.jpg 168,278,205,324,1 665,179,686,206,1 588,158,613,187,1 541,167,563,190,1 444,145,464,169,1 496,124,516,147,1 402,146,428,172,1 377,134,395,157,1 323,123,339,137,1 282,134,298,151,1 323,139,342,156,1 356,112,374,132,1 647,135,679,163,1 711,141,735,170,1 737,160,766,183,1 800,152,825,183,1 885,165,907,192,1 903,128,924,155,1 980,139,1001,170,1 946,107,962,127,1 882,105,901,132,1 894,99,908,115,1 793,132,814,154,1 741,118,761,144,1 758,87,775,108,1 779,104,798,126,1 813,112,831,135,1 807,87,821,107,1 827,78,844,101,1 788,68,804,88,1 752,68,768,85,1 725,80,742,93,1 689,92,705,112,1 697,117,725,141,1 657,108,682,132,1 609,88,629,111,1 549,99,567,121,1 526,103,544,123,1 497,101,518,122,1 463,98,485,118,1 432,100,450,116,1 407,101,424,118,1 391,101,406,117,1 402,120,419,138,1 576,87,592,107,1 588,82,603,94,1 547,82,562,99,1 643,77,662,92,1 672,59,687,77,1 715,62,732,78,1 613,63,628,80,1 589,65,607,78,1 846,83,863,106,1 881,79,899,95,1 934,91,947,110,1 
datasets/train/JPEGImages/train_619.jpg 129,176,247,313,1 
datasets/train/JPEGImages/train_497.jpg 134,56,215,131,1 281,85,353,157,1 421,86,493,153,1 
datasets/train/JPEGImages/train_563.jpg 195,69,256,139,1 375,93,438,160,1 
datasets/train/JPEGImages/train_208.jpg 530,170,644,292,1 
datasets/train/JPEGImages/train_433.png 871,279,1051,516,1 
datasets/train/JPEGImages/train_33.jpg 191,233,305,347,1 
datasets/train/JPEGImages/train_387.png 685,330,804,453,1 1023,304,1163,443,1 
datasets/train/JPEGImages/train_406.png 664,219,1106,760,1 
datasets/train/JPEGImages/train_73.jpg 927,403,1040,561,0 830,372,927,475,0 1324,281,1402,370,0 1894,345,1959,400,0 
datasets/train/JPEGImages/train_708.jpg 52,25,222,198,0 243,50,338,156,0 341,44,417,130,0 
datasets/train/JPEGImages/train_859.jpg 1245,364,1329,447,0 1429,684,1563,829,0 1119,517,1177,600,0 1031,498,1103,561,0 885,495,947,543,0 334,582,459,702,0 
datasets/train/JPEGImages/train_211.jpg 306,204,430,350,1 
datasets/train/JPEGImages/train_510.jpg 28,48,68,87,1 146,35,188,73,1 271,29,318,73,1 432,41,477,87,1 556,36,596,79,1 
datasets/train/JPEGImages/train_682.jpg 143,110,325,274,0 
datasets/train/JPEGImages/train_660.jpg 138,109,286,266,1 
datasets/train/JPEGImages/train_615.jpg 431,330,497,407,0 641,329,724,399,0 1106,217,1205,368,0 
datasets/train/JPEGImages/train_342.jpg 160,271,255,368,1 
datasets/train/JPEGImages/train_508.jpg 226,108,320,186,1 
datasets/train/JPEGImages/train_135.jpg 168,101,195,138,1 250,114,285,144,0 
datasets/train/JPEGImages/train_394.jpg 482,238,663,432,1 
datasets/train/JPEGImages/train_893.jpg 797,234,851,293,1 
datasets/train/JPEGImages/train_302.jpg 216,105,290,208,1 
datasets/train/JPEGImages/train_561.jpg 63,170,126,242,1 274,138,341,227,1 550,181,621,261,1 162,180,209,228,1 0,171,29,219,1 
datasets/train/JPEGImages/train_961.jpg 2182,1402,2252,1479,1 2948,1327,3005,1409,1 1480,1323,1506,1355,1 
datasets/train/JPEGImages/train_601.jpg 158,377,214,438,1 
datasets/train/JPEGImages/train_777.jpg 1197,297,1279,375,0 1038,475,1109,543,0 316,311,380,371,0 
datasets/train/JPEGImages/train_53.jpg 869,34,1212,464,0 334,381,782,839,0 1451,303,1702,589,0 1607,153,1837,377,0 
datasets/train/JPEGImages/train_543.jpg 24,129,72,181,1 127,128,166,168,1 215,127,250,164,1 292,144,328,182,1 361,139,396,173,1 430,146,460,183,1 497,162,533,192,1 568,138,602,171,1 
datasets/train/JPEGImages/train_340.png 586,187,992,655,1 
datasets/train/JPEGImages/train_274.jpg 551,273,725,493,0 744,226,867,381,1 47,303,245,541,0 937,284,1158,588,0 352,447,573,751,0 
datasets/train/JPEGImages/train_61.jpg 993,256,1126,409,0 1299,181,1430,341,0 555,273,627,361,0 680,352,737,428,0 929,373,969,416,0 294,316,376,398,0 
datasets/train/JPEGImages/train_804.jpg 943,293,1250,567,0 
datasets/train/JPEGImages/train_180.jpg 233,74,312,186,1 343,59,402,144,1 
datasets/train/JPEGImages/train_928.jpg 3342,864,3777,1293,1 2595,910,2992,1317,1 2027,991,2459,1435,1 1045,885,1448,1328,1 450,962,816,1316,1 1131,380,1251,532,1 731,476,842,592,1 
datasets/train/JPEGImages/train_430.png 677,297,1277,917,0 
datasets/train/JPEGImages/train_417.png 1128,293,1441,639,1 
datasets/train/JPEGImages/train_81.jpg 1585,142,1924,467,0 
datasets/train/JPEGImages/train_739.jpg 162,58,349,282,0 
datasets/train/JPEGImages/train_689.jpg 356,384,408,443,1 
datasets/train/JPEGImages/train_921.jpg 1970,689,2209,989,1 1262,1259,1525,1530,1 2688,1206,2906,1451,1 1252,1801,1570,2361,1 2334,1554,2545,1767,1 2,1300,138,1628,1 584,1290,874,1479,1 
datasets/train/JPEGImages/train_468.jpg 376,159,522,287,0 
datasets/train/JPEGImages/train_828.jpg 1035,253,1079,300,0 
datasets/train/JPEGImages/train_13.jpg 1065,153,1205,319,0 1446,157,1615,318,0 1667,195,1859,405,0 2005,177,2082,258,0 952,187,1024,277,0 801,170,915,316,0 215,197,296,303,0 330,172,560,428,0 529,180,648,359,0 721,208,785,287,0 
datasets/train/JPEGImages/train_481.jpg 171,85,238,163,1 
datasets/train/JPEGImages/train_428.png 925,244,1262,657,1 
datasets/train/JPEGImages/train_476.jpg 266,112,303,154,1 
datasets/train/JPEGImages/train_372.png 962,295,1311,697,1 
datasets/train/JPEGImages/train_986.jpg 660,216,891,498,0 869,147,1032,337,0 1603,161,1838,449,0 1534,130,1618,291,0 294,183,457,323,0 
datasets/train/JPEGImages/train_442.png 562,320,759,524,1 
datasets/train/JPEGImages/train_465.jpg 378,162,522,292,0 
datasets/train/JPEGImages/train_195.jpg 214,152,351,340,1 
datasets/train/JPEGImages/train_393.jpg 457,122,608,270,1 
datasets/train/JPEGImages/train_472.jpg 55,98,216,285,1 
datasets/train/JPEGImages/train_858.jpg 1027,247,1312,576,0 
datasets/train/JPEGImages/train_398.png 797,281,1091,633,1 
datasets/train/JPEGImages/train_339.png 875,221,1207,591,1 
datasets/train/JPEGImages/train_392.jpg 359,556,507,674,1 
datasets/train/JPEGImages/train_701.jpg 117,153,165,210,0 228,158,266,204,0 
datasets/train/JPEGImages/train_77.jpg 259,175,407,367,1 
datasets/train/JPEGImages/train_458.jpg 420,69,643,273,0 
datasets/train/JPEGImages/train_362.png 1021,324,1352,668,1 
datasets/train/JPEGImages/train_604.jpg 309,214,337,249,1 
datasets/train/JPEGImages/train_745.jpg 391,12,512,102,1 
datasets/train/JPEGImages/train_684.jpg 285,304,611,625,1 
datasets/train/JPEGImages/train_887.jpg 422,159,440,178,1 458,121,478,141,1 663,152,690,180,1 684,121,709,144,1 772,133,793,161,1 810,161,834,186,1 804,104,823,124,1 855,121,875,136,1 875,103,890,122,1 902,122,925,149,1 996,82,1013,110,1 595,86,614,106,1 563,78,576,94,1 531,78,550,94,1 539,121,558,139,1 497,114,506,132,1 344,129,355,139,1 
datasets/train/JPEGImages/train_653.jpg 176,136,280,241,1 
datasets/train/JPEGImages/train_945.jpg 2311,1670,2645,2016,1 595,1432,892,1762,1 992,1219,1225,1472,1 247,1283,507,1599,1 93,1144,245,1333,1 334,1159,514,1317,1 392,979,520,1126,1 512,1073,640,1240,1 702,976,837,1132,1 912,1020,1046,1156,1 1112,1010,1235,1172,1 623,1212,826,1427,1 1255,1019,1358,1176,1 1450,802,1572,971,1 1613,931,1711,1078,1 1465,1042,1588,1221,1 1769,1074,1930,1286,1 1555,1464,1743,1734,1 2985,1223,3234,1485,1 2314,1114,2486,1329,1 2735,1085,2922,1312,1 1914,1057,2013,1235,1 2079,912,2167,1042,1 1970,926,2062,1041,1 3113,1022,3263,1187,1 3007,907,3132,1042,1 2897,868,2996,986,1 2725,945,2853,1065,1 2563,974,2678,1132,1 2406,924,2520,1063,1 2260,892,2361,1025,1 1585,1075,1624,1187,1 1514,1746,1668,2109,1 
datasets/train/JPEGImages/train_128.jpg 120,124,250,259,0 
datasets/train/JPEGImages/train_311.jpg 372,258,416,310,0 
datasets/train/JPEGImages/train_378.png 978,250,1306,662,1 
datasets/train/JPEGImages/train_170.jpg 447,217,592,360,0 
datasets/train/JPEGImages/train_63.jpg 877,316,993,433,0 591,328,755,502,0 1496,412,1679,573,0 
datasets/train/JPEGImages/train_779.jpg 1409,413,1543,556,0 1158,427,1200,474,0 1115,427,1148,458,0 
datasets/train/JPEGImages/train_89.jpg 409,91,701,444,0 793,262,977,452,0 1544,275,1696,486,0 
datasets/train/JPEGImages/train_267.jpg 145,143,241,236,0 328,124,409,214,0 538,68,632,164,0 440,169,458,193,0 521,159,540,180,0 134,194,163,228,1 648,163,668,189,1 715,164,735,186,1 
datasets/train/JPEGImages/train_30.jpg 555,433,615,487,0 1776,158,2040,408,0 
datasets/train/JPEGImages/train_90.jpg 738,114,912,316,0 199,112,355,448,0 
datasets/train/JPEGImages/train_923.jpg 786,440,838,506,1 
datasets/train/JPEGImages/train_171.jpg 207,331,363,472,0 674,229,817,366,0 1074,226,1186,341,0 1184,337,1299,444,0 971,270,1038,355,0 566,283,638,362,1 
datasets/train/JPEGImages/train_300.jpg 139,165,363,377,0 
datasets/train/JPEGImages/train_232.jpg 297,198,622,509,1 
datasets/train/JPEGImages/train_911.jpg 322,268,398,365,1 207,238,260,297,1 18,194,43,224,1 134,218,164,254,1 134,192,152,211,1 182,187,200,208,1 566,211,582,228,1 406,197,420,214,1 369,208,391,236,1 
datasets/train/JPEGImages/train_709.jpg 239,364,536,680,1 
datasets/train/JPEGImages/train_647.jpg 359,178,478,305,1 
datasets/train/JPEGImages/train_161.jpg 182,267,738,752,1 
datasets/train/JPEGImages/train_153.jpg 290,335,607,616,1 
datasets/train/JPEGImages/train_714.jpg 120,118,297,312,1 
datasets/train/JPEGImages/train_984.jpg 829,137,987,320,0 1554,234,1746,500,0 584,212,824,475,0 271,89,412,245,0 
datasets/train/JPEGImages/train_313.jpg 117,12,517,466,1 
datasets/train/JPEGImages/train_548.jpg 224,152,258,188,1 435,143,467,176,1 
datasets/train/JPEGImages/train_108.jpg 1423,295,1521,425,0 451,375,704,592,0 
datasets/train/JPEGImages/train_54.jpg 1240,322,1348,437,0 1088,341,1168,436,0 988,317,1051,411,0 1213,372,1265,445,0 1701,337,1766,419,0 1784,306,1851,403,0 1819,366,1900,464,0 1887,311,1954,406,0 2030,322,2143,494,0 1988,362,2066,503,0 788,344,851,425,0 702,324,771,414,0 457,319,566,442,0 304,331,416,469,0 
datasets/train/JPEGImages/train_581.jpg 205,179,236,214,1 293,223,318,254,1 356,226,383,253,1 430,217,460,250,1 
datasets/train/JPEGImages/train_506.jpg 306,106,397,182,1 
datasets/train/JPEGImages/train_999.jpg 1020,311,1096,396,0 1218,322,1315,459,0 1516,342,1602,453,0 1859,322,1966,439,0 514,390,744,651,0 
datasets/train/JPEGImages/train_248.jpg 402,209,674,407,1 
datasets/train/JPEGImages/train_683.jpg 213,72,397,241,0 
datasets/train/JPEGImages/train_865.jpg 1262,518,1329,569,0 969,502,1040,564,0 
datasets/train/JPEGImages/train_514.jpg 80,82,156,146,1 229,71,278,121,1 355,74,408,122,1 495,58,572,135,1 
datasets/train/JPEGImages/train_347.jpg 170,117,373,349,1 
datasets/train/JPEGImages/train_797.jpg 791,502,830,543,0 522,572,553,607,0 930,486,979,534,0 1197,480,1245,523,0 997,454,1034,490,0 1665,525,1703,568,0 1846,535,1879,571,0 
datasets/train/JPEGImages/train_22.jpg 133,114,345,322,1 
datasets/train/JPEGImages/train_868.jpg 1527,356,1750,517,0 868,365,1061,587,0 477,158,699,423,0 
datasets/train/JPEGImages/train_42.jpg 1535,314,1615,427,0 1872,260,2042,435,0 1658,472,1727,529,0 1632,350,1666,389,0 1734,328,1777,380,0 
datasets/train/JPEGImages/train_127.jpg 122,199,237,291,0 
datasets/train/JPEGImages/train_236.jpg 429,522,554,632,1 
datasets/train/JPEGImages/train_807.jpg 1773,412,1902,535,0 1528,504,1615,566,0 628,261,753,449,0 740,355,830,509,0 823,346,919,444,0 
datasets/train/JPEGImages/train_509.jpg 117,163,146,192,1 184,170,213,197,1 233,180,265,206,1 297,172,324,201,1 376,163,408,192,1 461,179,492,209,1 
datasets/train/JPEGImages/train_449.png 833,184,1181,513,1 
datasets/train/JPEGImages/train_939.jpg 412,283,432,310,1 137,330,155,353,1 
datasets/train/JPEGImages/train_733.jpg 209,301,484,600,1 
datasets/train/JPEGImages/train_551.jpg 51,160,69,182,1 
datasets/train/JPEGImages/train_622.jpg 116,80,167,134,1 
datasets/train/JPEGImages/train_842.jpg 1056,267,1383,587,0 423,276,552,429,0 
datasets/train/JPEGImages/train_891.jpg 650,256,672,285,1 662,161,679,180,1 544,148,571,170,1 740,122,765,138,1 831,181,856,207,1 958,198,980,222,1 137,334,172,352,1 79,268,107,283,1 60,220,86,246,1 250,189,268,213,1 201,132,220,159,1 212,97,228,115,1 184,77,199,97,1 140,102,156,125,1 285,157,312,179,1 378,125,396,143,1 426,120,440,134,1 345,107,360,124,1 346,86,366,106,1 301,62,316,78,1 457,89,475,107,1 507,87,525,103,1 613,86,634,101,1 660,38,673,52,1 796,79,812,97,1 869,144,883,161,1 857,111,872,126,1 885,113,894,129,1 951,109,966,124,1 694,106,716,123,1 578,112,593,136,1 570,72,585,89,1 432,41,447,52,1 476,44,494,57,1 528,45,546,58,1 589,35,600,47,1 1135,200,1155,214,1 1060,159,1081,176,1 1041,141,1063,155,1 998,124,1018,144,1 
datasets/train/JPEGImages/train_810.jpg 1421,157,1557,277,0 867,200,951,326,0 
datasets/train/JPEGImages/train_181.jpg 119,254,170,326,1 289,255,337,319,1 
datasets/train/JPEGImages/train_133.jpg 143,110,235,207,0 
datasets/train/JPEGImages/train_772.jpg 1067,312,1356,567,0 1832,339,1927,410,0 1532,313,1627,396,0 
datasets/train/JPEGImages/train_877.jpg 512,172,543,197,1 639,137,669,166,1 798,120,821,144,1 748,101,770,132,1 407,160,432,186,1 365,168,388,192,1 476,132,506,155,1 505,131,543,162,1 418,122,439,147,1 427,106,447,126,1 376,111,398,130,1 314,95,332,117,1 1020,60,1034,76,1 603,76,620,93,1 483,111,498,131,1 509,110,533,126,1 
datasets/train/JPEGImages/train_280.jpg 133,86,244,170,1 
datasets/train/JPEGImages/train_575.jpg 132,174,168,215,1 260,177,298,225,1 
datasets/train/JPEGImages/train_642.jpg 1709,337,2184,804,1 
datasets/train/JPEGImages/train_762.jpg 402,551,461,605,0 
